0 0.32845568783068785 0.011923840048840048 0.03942816442816441 0.02241681929181929
0 0.3651811151811152 0.012162316849816848 0.03338675213675217 0.022416819291819292
0 0.39936278998779007 0.011089171245421244 0.03497659747659746 0.021224435286935288
0 0.43608821733821734 0.011446886446886446 0.034658628408628434 0.021462912087912088
0 0.47201872201872197 0.010969932844932846 0.03465862840862836 0.021462912087912088
0 0.5090621184371185 0.010969932844932844 0.032432844932844936 0.021939865689865688
0 0.5437207468457469 0.011327648046398046 0.03752035002034998 0.021701388888888888
0 0.5531008343508343 0.029094169719169716 0.016852360602360637 0.013831654456654454
0 0.5392691798941799 0.028855692918192916 0.012718762718762754 0.013831654456654458
0 0.5241656491656491 0.028259500915750912 0.013672669922669911 0.013593177655677656
0 0.5100160256410257 0.028617216117216116 0.012718762718762678 0.014308608058608058
0 0.49459452584452585 0.02945188492063492 0.016852360602360637 0.014547084859584858
0 0.47806013431013433 0.028736454517704516 0.016852360602360637 0.01311622405372405
0 0.4637515262515262 0.02921340811965812 0.016216422466422506 0.013116224053724054
0 0.44689916564916565 0.028855692918192916 0.016852360602360637 0.014308608058608055
0 0.41239952177452177 0.029094169719169723 0.0248015873015873 0.015739468864468868
0 0.38282839845339844 0.030048076923076924 0.02925315425315429 0.014308608058608058
0 0.3532572751322751 0.028021024114774112 0.0248015873015873 0.014547084859584858
0 0.3254349816849817 0.027901785714285716 0.027027370777370795 0.015739468864468868
0 0.32575295075295074 0.043641254578754576 0.027027370777370757 0.013354700854700852
0 0.3546881359381359 0.043283539377289376 0.027663308913308926 0.015500992063492064
0 0.3821924603174603 0.042448870573870576 0.03052503052503055 0.010969932844932844
0 0.41239952177452177 0.04232963217338217 0.02543752543752543 0.015024038461538458
0 0.44387845950345944 0.043641254578754576 0.014626577126577145 0.010492979242979246
0 0.45945894383394387 0.043283539377289376 0.018442205942205924 0.01025450244200244
0 0.4759933353683354 0.04459516178266178 0.012718762718762754 0.01240079365079365
0 0.490460927960928 0.044714400183150184 0.015580484330484376 0.013116224053724054
0 0.504769536019536 0.043760492979242976 0.01240079365079365 0.013116224053724054
0 0.5176472832722833 0.04209115537240537 0.015898453398453406 0.016454899267399264
0 0.5356125356125356 0.043522016178266176 0.01430860805860804 0.015024038461538465
0 0.3818744912494912 0.09419833638583637 0.011446886446886418 0.014785561660561653
0 0.3998397435897436 0.09443681318681318 0.023211741961742013 0.012877747252747249
0 0.41764601139601143 0.09169432997557997 0.01112891737891739 0.01788576007326008
0 0.443719474969475 0.09217128357753357 0.013672669922669911 0.01788576007326008
0 0.46518238705738707 0.09324442918192918 0.012718762718762678 0.01812423687423688
0 0.4823527167277167 0.0971792963980464 0.019078144078144132 0.015977945665445675
0 0.32416310541310545 0.11399191086691088 0.03656644281644282 0.023370726495726496
0 0.36136548636548643 0.11494581807081806 0.03275081400081404 0.02146291208791209
0 0.39491122303622306 0.11399191086691086 0.03561253561253566 0.018601190476190476
0 0.43179563492063494 0.11268028846153846 0.03624847374847379 0.0226552960927961
0 0.46788512413512406 0.11136866605616606 0.03656644281644282 0.02432463369963369
0 0.5041335978835979 0.11315724206349206 0.03338675213675217 0.024563110500610504
0 0.5381562881562881 0.11101095085470085 0.033386752136752094 0.024563110500610504
0 0.5484902828652828 0.1310430021367521 0.018442205942205924 0.011685363247863255
0 0.5352945665445665 0.13092376373626374 0.00985704110704113 0.015739468864468878
0 0.5168523606023606 0.13092376373626374 0.013672669922669986 0.01669337606837607
0 0.5034976597476597 0.13128147893772893 0.014944546194546172 0.014070131257631242
0 0.4895070207570208 0.13092376373626374 0.01430860805860804 0.011923840048840053
0 0.4751984126984127 0.13092376373626374 0.014944546194546172 0.014785561660561653
0 0.460412851037851 0.13080452533577536 0.015898453398453406 0.01263927045177045
0 0.44276556776556775 0.1310430021367521 0.016852360602360637 0.013593177655677646
0 0.3203474765974766 0.13187767094017092 0.029571123321123317 0.012877747252747235
0 0.3510314916564917 0.13235462454212454 0.02543752543752543 0.012877747252747263
0 0.37774089336589334 0.13163919413919412 0.02670940170940169 0.013831654456654472
0 0.40826592389092387 0.13056604853479853 0.027345339845339822 0.014547084859584855
0 0.3249580280830281 0.145590086996337 0.019078144078144094 0.01263927045177045
0 0.35119047619047616 0.146186278998779 0.030842999592999614 0.011923840048840053
0 0.3791717541717542 0.1454708485958486 0.025119556369556328 0.010969932844932858
0 0.4098557692307692 0.1448746565934066 0.027345339845339822 0.010254502442002433
0 0.43942689255189255 0.14499389499389498 0.013354700854700809 0.01096993284493283
0 0.45580229955229956 0.14427846459096458 0.016216422466422433 0.01240079365079365
0 0.4724956756206756 0.143205318986569 0.013354700854700809 0.013116224053724047
0 0.4871222527472528 0.14392074938949936 0.013990638990639013 0.012162316849816852
0 0.5138316544566545 0.144397702991453 0.010810948310948287 0.009777548840048837
0 0.5308429995929996 0.1436822725885226 0.015580484330484302 0.015500992063492064
0 0.38457722832722835 0.1938816391941392 0.01049297924297926 0.01621642246642246
0 0.40508623321123316 0.1957894536019536 0.02543752543752543 0.01240079365079365
0 0.422574531949532 0.19364316239316237 0.010810948310948363 0.02146291208791209
0 0.4470581501831502 0.19495478479853479 0.01971408221408226 0.01597794566544566
0 0.4710648148148148 0.19662412240537241 0.009221102971102926 0.014547084859584869
0 0.486009361009361 0.19817422161172157 0.01685236060236056 0.015262515262515266
0 0.3047669922669922 0.8787870115995116 0.025119556369556366 0.019078144078144017
0 0.3306814713064713 0.8784292963980463 0.025437525437525393 0.018362713675213648
0 0.35182641432641437 0.8772369123931624 0.027027370777370795 0.021224435286935347
0 0.37535612535612534 0.8783100579975579 0.023211741961741937 0.021939865689865716
0 0.39840888278388276 0.8771176739926739 0.02289377289377291 0.02289377289377291
0 0.4230514855514856 0.8752098595848595 0.02384768009768007 0.02098595848595852
0 0.44546830484330485 0.87592528998779 0.02289377289377291 0.020032051282051214
0 0.4677261396011396 0.8761637667887667 0.0248015873015873 0.019078144078144132
0 0.49205077330077335 0.875329097985348 0.027027370777370795 0.018839667277167304
0 0.3189166157916158 0.8609012515262515 0.012082824582824586 0.01049297924297926
0 0.3316353785103785 0.860424297924298 0.015262515262515236 0.009062118437118412
0 0.34196937321937326 0.8593511523199022 0.009221102971103 0.012639270451770478
0 0.35484712047212047 0.8595896291208791 0.009539072039072028 0.016454899267399258
0 0.3659760378510379 0.8604242979242979 0.013354700854700884 0.016216422466422433
0 0.37805886243386244 0.8600665827228327 0.018442205942206 0.00834668803418793
0 0.392526455026455 0.8606627747252747 0.015580484330484376 0.013831654456654387
0 0.42289250101750103 0.8579202915140415 0.008267195767195767 0.011685363247863283
0 0.4367241554741555 0.8588741987179487 0.018760175010175028 0.01311622405372402
0 0.45389448514448516 0.8580395299145299 0.016216422466422433 0.014308608058608153
0 0.4710648148148148 0.8579202915140415 0.0244836182336182 0.013593177655677673
0 0.3084236365486365 0.8989383012820512 0.017806267806267796 0.018839667277167304
0 0.3311584249084249 0.8982228708791209 0.02066798941798942 0.019316620879120845
0 0.352939306064306 0.8975074404761905 0.022257834757834705 0.023132249694749737
0 0.37424323361823364 0.897388202075702 0.022257834757834705 0.020509004884004867
0 0.4139893671143671 0.897388202075702 0.015898453398453406 0.016693376068376085
0 0.42988782051282043 0.8955996260683761 0.011446886446886418 0.018839667277167304
0 0.4426065832315832 0.8948841956654457 0.012718762718762678 0.02027052808302804
0 0.45214565527065526 0.8952419108669109 0.012082824582824623 0.018124236874236935
0 0.4626386345136345 0.8946457188644688 0.013990638990639013 0.021224435286935347
0 0.47472145909645913 0.8935725732600732 0.011446886446886418 0.02098595848595852
0 0.4866452991452992 0.8953611492673993 0.014944546194546247 0.017885760073260107
0 0.49809218559218554 0.8951226724664224 0.01430860805860804 0.016454899267399258
0 0.5004769536019535 0.9134853861416361 0.009539072039072028 0.015500992063492064
0 0.4038143569393569 0.9145585317460317 0.011446886446886418 0.015739468864468892
0 0.4155792124542125 0.9144392933455433 0.013354700854700884 0.015977945665445605
0 0.4259132071632072 0.9140815781440781 0.01049297924297926 0.017647283272283282
0 0.4381550162800163 0.9138431013431014 0.013990638990639013 0.017170329670329627
0 0.46009488196988196 0.9132469093406592 0.012718762718762754 0.017885760073259996
0 0.469951923076923 0.9131276709401709 0.011446886446886418 0.018601190476190476
0 0.4888710826210826 0.9138431013431014 0.01430860805860804 0.0138316544566545
0 0.3065158221408221 0.9175394917582417 0.019078144078144055 0.016931852869352913
0 0.3263888888888889 0.9170625381562881 0.018760175010175028 0.017885760073260107
0 0.3470568783068783 0.9175394917582417 0.022575803825803847 0.018839667277167304
0 0.36804283679283684 0.9163471077533577 0.01748829873829877 0.015977945665445605
0 0.3262299043549044 0.21307902167277168 0.036884411884411925 0.019793574481074497
0 0.3645451770451771 0.21462912087912087 0.03593050468050469 0.020985958485958463
0 0.40015771265771266 0.21343673687423687 0.030207061457061445 0.0252785409035409
0 0.4356112637362637 0.21045577686202688 0.03561253561253566 0.0250400641025641
0 0.4710648148148148 0.21367521367521364 0.03338675213675217 0.022893772893772882
0 0.5066773504273504 0.21379445207570205 0.030842999592999576 0.01979357448107447
0 0.5438797313797313 0.21403292887667888 0.03656644281644282 0.023609203296703307
0 0.5550086487586487 0.23227640415140416 0.016852360602360637 0.01240079365079365
0 0.5383152726902727 0.23132249694749693 0.012718762718762678 0.013354700854700845
0 0.5217808811558812 0.23120325854700854 0.012082824582824623 0.015500992063492064
0 0.5085851648351649 0.23263411935286935 0.014944546194546247 0.01407013125763127
0 0.49364061864061864 0.23191868894993894 0.013672669922669911 0.011685363247863225
0 0.47806013431013433 0.23168021214896214 0.018760175010175028 0.01407013125763127
0 0.4632745726495726 0.23239564255189255 0.012718762718762678 0.011208409645909629
0 0.4456272893772894 0.23251488095238096 0.016852360602360637 0.013354700854700845
0 0.41239952177452177 0.23239564255189255 0.027345339845339822 0.013593177655677673
0 0.3825104293854294 0.23060706654456653 0.029889092389092417 0.01430860805860804
0 0.3546881359381359 0.23156097374847376 0.02829924704924698 0.013831654456654472
0 0.32654787342287345 0.23239564255189255 0.0324328449328449 0.015500992063492064
0 0.3268658424908425 0.2427693833943834 0.02289377289377291 0.011923840048840053
0 0.3532572751322751 0.2434848137973138 0.03052503052503055 0.011446886446886455
0 0.382987382987383 0.2425309065934066 0.030842999592999652 0.013354700854700845
0 0.41335342897842897 0.2422924297924298 0.029889092389092344 0.010969932844932858
0 0.4403807997557998 0.243842528998779 0.017170329670329665 0.012162316849816852
0 0.45786909849409846 0.2434848137973138 0.019078144078144055 0.012877747252747249
0 0.47631130443630443 0.245631105006105 0.015262515262515274 0.010969932844932858
0 0.49093788156288154 0.2440810057997558 0.013354700854700809 0.013116224053724075
0 0.5174882987382987 0.2422924297924298 0.01176485551485552 0.010969932844932858
0 0.5337047212047212 0.24265014499389498 0.01876017501017495 0.011685363247863255
0 0.5524648962148963 0.2883184523809524 0.034658628408628434 0.025755494505494497
0 0.516057437932438 0.28998778998778996 0.03306878306878307 0.019078144078144073
0 0.4958664021164021 0.2773485195360196 0.023847680097680145 0.019078144078144073
0 0.4821937321937322 0.2893915979853479 0.03783831908831908 0.020270528083028098
0 0.4796499796499797 0.2738906059218559 0.01430860805860804 0.01597794566544566
0 0.4316366503866504 0.2750829899267399 0.01240079365079365 0.016454899267399316
0 0.4160561660561661 0.2766330891330891 0.025119556369556404 0.0114468864468864
0 0.3936393467643468 0.27341365231990233 0.013354700854700884 0.015024038461538465
0 0.33513303825803825 0.29034550518925517 0.037520350020350014 0.019793574481074497
0 0.3718584656084656 0.29082245879120877 0.03275081400081396 0.016931852869352913
0 0.4061991249491249 0.2902262667887668 0.03593050468050469 0.019078144078144073
0 0.444037444037444 0.2877222603785104 0.034658628408628434 0.022178342490842544
0 0.32813771876271874 0.3076350732600732 0.04006410256410254 0.017647283272283223
0 0.3637502543752543 0.3076350732600732 0.02670940170940169 0.01812423687423688
0 0.39236747049247056 0.30835050366300365 0.028617216117216158 0.017647283272283282
0 0.4193948412698413 0.3079927884615385 0.02543752543752543 0.016454899267399258
0 0.45135073260073255 0.3083505036630037 0.018760175010175028 0.012877747252747249
0 0.4702698921448921 0.3091851724664224 0.018442205942205924 0.015024038461538465
0 0.4858503764753765 0.3081120268620269 0.0152625152625152 0.015739468864468833
0 0.5007949226699226 0.3077543116605617 0.013354700854700809 0.016931852869352858
0 0.5163754070004071 0.30775431166056166 0.007631257631257637 0.013593177655677673
0 0.5308429995929996 0.30691964285714285 0.01176485551485552 0.014785561660561695
0 0.5448336385836385 0.30703888125763124 0.016216422466422433 0.018362713675213707
0 0.5624809218559218 0.30882745726495725 0.017806267806267796 0.01430860805860804
0 0.5429258241758242 0.3232553037240537 0.01939611314611316 0.013593177655677673
0 0.52559650997151 0.32253987332112327 0.015262515262515274 0.01740880647130651
0 0.49904609279609285 0.3227783501221001 0.01685236060236056 0.014547084859584869
0 0.48171677859177864 0.3243284493284493 0.017170329670329665 0.0109699328449328
0 0.46756715506715507 0.3234937805250305 0.018124236874236897 0.014547084859584869
0 0.4510327635327635 0.32444768772893773 0.018124236874236897 0.012162316849816824
0 0.42050773300773303 0.3238514957264957 0.025755494505494535 0.014785561660561695
0 0.3899827024827025 0.32397073412698413 0.029571123321123317 0.013593177655677673
0 0.3627963471713472 0.3244476877289377 0.03116096866096868 0.01597794566544566
0 0.3322713166463167 0.32361301892551897 0.02734533984533986 0.013831654456654444
1 0.3330026455026456 0.7700272817460317 0.04133597883597884 0.0248015873015873
0 0.3710317460317461 0.7709573412698413 0.036375661375661374 0.021701388888888888
0 0.4057539682539683 0.7703373015873016 0.03306878306878307 0.01922123015873016
0 0.44006283068783075 0.7728174603174603 0.042162698412698416 0.020461309523809524
0 0.47594997594997596 0.7711038961038961 0.039081289081289175 0.0214195526695527
0 0.5127765752765752 0.7708220598845599 0.03757816257816254 0.02085588023088021
0 0.5477242664742664 0.7677218614718615 0.039832852332852345 0.0248015873015873
0 0.5428391053391053 0.7860412157287158 0.016534391534391533 0.015219155844155875
0 0.5308140933140932 0.787732233044733 0.018037518037518022 0.01634650072150074
0 0.5135281385281385 0.786323051948052 0.015031265031265045 0.0180375180375181
0 0.5 0.7871685606060607 0.02555315055315047 0.018601190476190476
0 0.48233826358826354 0.7868867243867245 0.020292207792207684 0.019164862914862964
0 0.46655543530543525 0.7885777417027416 0.020292207792207834 0.014655483405483385
0 0.45265151515151514 0.7882959054834056 0.021043771043771003 0.015219155844155875
0 0.41807960557960555 0.7885777417027416 0.0285594035594036 0.019164862914862853
0 0.3880170755170755 0.7882959054834056 0.02705627705627696 0.01747384559884561
0 0.358330327080327 0.7888595779220778 0.02931096681096692 0.01634650072150074
0 0.3278920153920154 0.7891414141414141 0.030062530062530127 0.016910173160173233
0 0.32977092352092346 0.8026695526695525 0.021795334295334284 0.015782828282828253
0 0.359457671957672 0.8018240440115441 0.03006253006253009 0.018601190476190476
0 0.38989598364598366 0.8023877164502164 0.02931096681096692 0.018601190476190476
0 0.41620069745069743 0.803233225108225 0.0248015873015873 0.01691017316017312
0 0.44588744588744583 0.8029513888888888 0.021043771043771003 0.015219155844155762
0 0.46392496392496385 0.8015422077922079 0.018037518037518022 0.023674242424242434
0 0.4808351370851371 0.8015422077922079 0.011273448773448746 0.016910173160173233
0 0.49774531024531027 0.8021058802308803 0.021043771043771003 0.019164862914862853
0 0.521043771043771 0.8029513888888888 0.019540644540644515 0.012964466089466027
0 0.5405844155844155 0.8052060786435786 0.02405002405002413 0.019728535353535342
0 0.3879381613756614 0.5638640873015873 0.01281415343915344 0.013020833333333334
0 0.4098462301587302 0.5664992559523809 0.026868386243386243 0.006510416666666667
0 0.42410714285714285 0.5633990575396826 0.010747354497354497 0.011470734126984126
0 0.4480820105820106 0.5629340277777778 0.016534391534391533 0.009300595238095238
0 0.4728835978835979 0.5635540674603174 0.014054232804232803 0.016121031746031748
0 0.4879712301587302 0.5654141865079365 0.016121031746031748 0.01488095238095238
0 0.5470816798941799 0.5795200892857143 0.033482142857142856 0.023871527777777776
0 0.5557622354497355 0.5948660714285714 0.02025462962962963 0.017981150793650792
0 0.5363343253968254 0.6114521329365079 0.02273478835978836 0.015811011904761904
0 0.5421213624338624 0.5988963293650794 0.007027116402116402 0.01240079365079365
0 0.5241402116402116 0.59765625 0.017361111111111112 0.017981150793650792
0 0.5206266534391535 0.611297123015873 0.011987433862433863 0.016741071428571428
0 0.5090525793650794 0.5806051587301587 0.03844246031746032 0.020461309523809524
0 0.4757771164021164 0.5806051587301587 0.03306878306878307 0.021081349206349208
0 0.509879298941799 0.5982762896825397 0.011987433862433863 0.010540674603174604
0 0.4935515873015873 0.6120721726190477 0.00992063492063492 0.010850694444444444
0 0.49541170634920634 0.5985863095238095 0.016947751322751323 0.01488095238095238
0 0.4809441137566138 0.5971912202380952 0.016121031746031748 0.013950892857142858
0 0.47701719576719576 0.6108320932539683 0.01488095238095238 0.012710813492063492
0 0.4660631613756614 0.5990513392857143 0.016947751322751323 0.01457093253968254
0 0.4495287698412698 0.5985863095238095 0.01529431216931217 0.013020833333333334
0 0.4441550925925926 0.6131572420634921 0.014467592592592593 0.00992063492063492
0 0.4619295634920635 0.6116071428571429 0.016121031746031748 0.01240079365079365
0 0.41645998677248675 0.5988963293650794 0.026041666666666668 0.016121031746031748
0 0.38504464285714285 0.5999813988095238 0.033482142857142856 0.01457093253968254
0 0.3550760582010582 0.5982762896825397 0.02562830687830688 0.013640873015873016
0 0.3263475529100529 0.5990513392857143 0.029348544973544975 0.016431051587301588
0 0.33275462962962965 0.5809151785714286 0.0355489417989418 0.01984126984126984
0 0.36499669312169314 0.5815352182539683 0.033895502645502645 0.021081349206349208
0 0.4036458333333333 0.5793650793650794 0.031828703703703706 0.02418154761904762
0 0.3265542328042328 0.6131572420634921 0.0248015873015873 0.017361111111111112
0 0.35548941798941797 0.6139322916666666 0.02976190476190476 0.015190972222222222
0 0.3862847222222222 0.6116071428571429 0.028521825396825396 0.016741071428571428
0 0.4150132275132275 0.613312251984127 0.027281746031746032 0.01457093253968254
0 0.39021164021164023 0.6683407738095238 0.016534391534391533 0.018601190476190476
0 0.4104662698412698 0.668030753968254 0.023974867724867725 0.010540674603174604
0 0.4263806216931217 0.6644655257936508 0.00785383597883598 0.018291170634920636
0 0.45262896825396826 0.6664806547619048 0.01240079365079365 0.01488095238095238
0 0.47061011904761907 0.6644655257936508 0.019427910052910054 0.015811011904761904
0 0.4896246693121693 0.6689608134920635 0.016121031746031748 0.016121031746031748
0 0.5485284391534392 0.6858568948412699 0.03968253968253968 0.023871527777777776
0 0.509879298941799 0.6824466765873016 0.04009589947089947 0.022011408730158732
0 0.4755704365079365 0.6841517857142857 0.03761574074074074 0.021701388888888888
0 0.43816137566137564 0.6847718253968254 0.03968253968253968 0.02418154761904762
0 0.4019923941798942 0.6839967757936508 0.031828703703703706 0.020771329365079364
0 0.37099041005291006 0.6864769345238095 0.028521825396825396 0.01953125
1 0.32882771164021163 0.6858568948412699 0.03926917989417989 0.022011408730158732
0 0.32882771164021163 0.7041480654761905 0.031828703703703706 0.013950892857142858
0 0.3592096560846561 0.7038380456349206 0.021494708994708994 0.015811011904761904
0 0.3844246031746032 0.7018229166666666 0.03058862433862434 0.017981150793650792
0 0.41459986772486773 0.7036830357142857 0.023148148148148147 0.015500992063492064
0 0.44911541005291006 0.7038380456349206 0.016121031746031748 0.015811011904761904
0 0.46337632275132273 0.7022879464285714 0.019014550264550265 0.015190972222222222
0 0.48115079365079366 0.7033730158730159 0.01570767195767196 0.01240079365079365
0 0.4931382275132275 0.7007378472222222 0.01984126984126984 0.018911210317460316
0 0.5121527777777778 0.7027529761904762 0.013227513227513227 0.015500992063492064
0 0.5251736111111112 0.7032180059523809 0.01529431216931217 0.018291170634920636
0 0.5443948412698413 0.7035280257936508 0.00992063492063492 0.015811011904761904
0 0.5559689153439153 0.7024429563492064 0.016534391534391533 0.015500992063492064
0 0.537161044973545 0.7160838293650794 0.016121031746031748 0.016121031746031748
0 0.5206266534391535 0.7173239087301587 0.011160714285714286 0.01488095238095238
0 0.494171626984127 0.71484375 0.01529431216931217 0.014260912698412698
0 0.478463955026455 0.7165488591269841 0.013640873015873016 0.01209077380952381
0 0.4644097222222222 0.7160838293650794 0.016121031746031748 0.01240079365079365
0 0.4480820105820106 0.7165488591269841 0.018187830687830687 0.012710813492063492
0 0.4158399470899471 0.7182539682539683 0.023974867724867725 0.013020833333333334
0 0.38566468253968256 0.716858878968254 0.03058862433862434 0.012710813492063492
0 0.3561094576719577 0.7176339285714286 0.02769510582010582 0.01240079365079365
0 0.3296544312169312 0.7174789186507936 0.02769510582010582 0.015190972222222222
0 0.554344654528478 0.39377261321195145 0.04133597883597884 0.022795576563958937
0 0.5165343915343915 0.39441088935574237 0.03331193588546523 0.020789565826330517
0 0.48383033769063183 0.3949579831932773 0.04084967320261444 0.019330648926237176
0 0.4449258870214753 0.3960521708683474 0.035500311235605396 0.020060107376283817
0 0.40845296451914104 0.39541389472455646 0.03452769996887647 0.01951301353874885
0 0.37550575785869905 0.3961433531746032 0.0333119358854653 0.02024247198879549
0 0.33441293183940246 0.39523153011204487 0.04157913165266107 0.022430847338935533
0 0.33502081388110805 0.4152916374883287 0.03258247743541864 0.013312616713351967
0 0.36456388110799876 0.414015085200747 0.026503657018362856 0.016230450513538705
0 0.3921617258014317 0.41310326213818865 0.03452769996887647 0.015865721288515412
0 0.42146164021164023 0.4121914390756303 0.024072128851540604 0.01732463818860881
0 0.4561109165888578 0.41374153828197946 0.020424836601307186 0.013859710550887049
0 0.4727668845315904 0.41465336134453784 0.015804933084344837 0.01313025210084035
0 0.4855324074074074 0.4110060690943044 0.018479614067849398 0.018601190476190476
0 0.502066798941799 0.41310326213818865 0.01361655773420474 0.017689367413632102
0 0.5179933084344849 0.41374153828197946 0.013859710550886972 0.014953898225957095
0 0.5341629707438531 0.4115531629318394 0.011671335200746952 0.018965919701213824
0 0.5494815981948336 0.41447099673202614 0.007294584500466911 0.013494981325863699
0 0.5644354964207906 0.41392390289449116 0.016777544351073766 0.01240079365079365
0 0.5454695767195767 0.42814834267040147 0.017263849984438157 0.012765522875817
0 0.5263820806100218 0.42687179038281975 0.01313025210084035 0.009847689075630262
0 0.5132518285091815 0.42823952497665735 0.010698723934018021 0.010759512138188635
0 0.5018236461251168 0.4271453373015873 0.015561780267662603 0.012583158263305326
0 0.4863834422657953 0.4276012488328665 0.010455571117335864 0.008753501400560214
0 0.4722805788982259 0.4269629726890756 0.015804933084344837 0.010394782913165286
0 0.45453042328042326 0.42741888422035484 0.014346016184251513 0.012036064425770302
0 0.4202458761282291 0.42796597805788983 0.024558434484905068 0.01094187675070031
0 0.3922833022097728 0.4286042542016807 0.029907796451914118 0.012218429038281976
0 0.36517176314970434 0.4288778011204482 0.028205726735138485 0.011306605975723603
0 0.33526396669779024 0.4286954365079365 0.026260504201680624 0.01240079365079365
0 0.38392857142857145 0.48330026455026454 0.011684303350970067 0.012566137566137585
0 0.40354938271604945 0.4844576719576719 0.0227072310405644 0.012896825396825396
0 0.42151675485008816 0.4809027777777778 0.012345679012345654 0.018683862433862473
0 0.44642857142857145 0.48197751322751325 0.016754850088183372 0.01951058201058203
0 0.47034832451499115 0.4813161375661375 0.011243386243386243 0.017526455026455046
0 0.48555996472663143 0.4851190476190476 0.016093474426807784 0.01620370370370374
0 0.5422178130511464 0.4989252645502646 0.034611992945326304 0.024636243386243425
0 0.5522486772486772 0.5171957671957671 0.017195767195767195 0.013558201058201021
0 0.533179012345679 0.5304232804232804 0.016534391534391533 0.011904761904761904
0 0.5382495590828924 0.5186838624338623 0.010802469135802495 0.017195767195767233
0 0.5219356261022928 0.5171957671957671 0.01344797178130514 0.017526455026454987
0 0.5166446208112875 0.5300099206349206 0.01344797178130514 0.013392857142857142
0 0.5081569664902998 0.5199239417989417 0.011904761904761904 0.012070105820105783
0 0.5088183421516754 0.5 0.035273368606701966 0.023478835978836
0 0.468805114638448 0.5014880952380952 0.036375661375661374 0.017195767195767177
0 0.4351851851851852 0.5013227513227514 0.03130511463844792 0.01917989417989416
0 0.39891975308641975 0.5012400793650794 0.03373015873015873 0.020998677248677267
0 0.3641975308641976 0.501984126984127 0.03350970017636682 0.01984126984126984
0 0.3236331569664903 0.49950396825396826 0.03086419753086417 0.021494708994709014
0 0.3251763668430335 0.5186838624338623 0.026455026455026454 0.015211640211640249
0 0.3520723104056437 0.5175264550264551 0.02557319223985888 0.014219576719576757
0 0.37885802469135804 0.5181051587301587 0.02976190476190476 0.01471560846560839
0 0.4092813051146384 0.5185185185185186 0.02667548500881837 0.015542328042328005
0 0.4459876543209876 0.5182705026455027 0.016313932980599622 0.013062169312169275
0 0.4598765432098766 0.5162863756613756 0.021164021164021163 0.0170304232804233
0 0.47619047619047616 0.5184358465608465 0.014991181657848374 0.014715608465608503
0 0.49272486772486773 0.5193452380952381 0.01455026455026455 0.01157407407407415
0 0.4883156966490299 0.5286871693121694 0.013668430335096977 0.011739417989418027
0 0.5022045855379189 0.5307539682539683 0.013227513227513227 0.012896825396825396
0 0.4731040564373898 0.5305886243386243 0.015873015873015872 0.011574074074074037
0 0.4587742504409171 0.5310019841269841 0.015873015873015872 0.013062169312169388
0 0.44334215167548496 0.5329861111111112 0.016313932980599622 0.00975529100529093
0 0.410163139329806 0.531415343915344 0.02799823633156969 0.009259259259259297
0 0.3816137566137566 0.5300925925925927 0.028218694885361603 0.011904761904761904
0 0.35240299823633153 0.53125 0.02491181657848322 0.00992063492063492
0 0.3247354497354497 0.5318287037037037 0.0291005291005291 0.009424603174603174
0 0.4395186764589749 0.5795674405749032 0.03241069783358341 0.02072968490878939
0 0.39423859616167306 0.37649983563445105 0.00978366362981748 0.015115760308068011
0 0.4145886165116934 0.37760049779280547 0.025046178892332755 0.011740396355780964
0 0.43190570113647025 0.37649983563445105 0.011936069628377321 0.018931389123696848
0 0.45734322657399573 0.375912815816662 0.018980307441845905 0.016289799943646103
0 0.4809218559218559 0.37605957077110924 0.012914435991359056 0.016289799943646103
0 0.49618437118437114 0.37826089508781824 0.01839328762405685 0.014528740490278937
