1 0.34644413320883904 0.6562208216619981 0.026065981948334867 0.01984126984126984
1 0.311624649859944 0.6568043884220355 0.038904450669156584 0.022175536881419253
1 0.33788515406162467 0.544467787114846 0.029956427015250517 0.021591970121381872
1 0.3341892312480548 0.5644549486461251 0.032679738562091484 0.018382352941176443
1 0.3168767507002801 0.30170401493930904 0.03306878306878307 0.01925770308123246
1 0.29898070339246813 0.44657446311858073 0.030734516028633693 0.0183823529411765
1 0.2991752256458139 0.42614962651727356 0.038126361655773405 0.02305088702147527
1 0.26299408652349826 0.4268790849673203 0.03190164954870835 0.023926237161531284
1 0.2661064425770308 0.44759570494864614 0.031123560535325244 0.017507002801120428
1 0.39877061935885466 0.3200863678804855 0.017896047307812052 0.01633986928104572
0 0.32446311858076565 0.6391514939309056 0.01711795829442888 0.01488095238095238
0 0.34566604419545593 0.6400268440709618 0.022175536881419218 0.010212418300653668
0 0.2794394429966569 0.6585376687988628 0.028791229039985267 0.02023612098238959
0 0.27911040037905704 0.6768612295664533 0.02977835689278475 0.017151346442391274
0 0.3105131792054322 0.6765168195738557 0.030930006054384167 0.017891692331990915
0 0.34105267314222537 0.6747635828792544 0.03224617652478352 0.019372384111190084
0 0.3702552054542104 0.6745784964068545 0.0268169733343863 0.017768301350390935
0 0.279192661033457 0.6958017452420436 0.03060096343678434 0.019989339019189745
0 0.3106984916686409 0.6951230948432441 0.02977835689278475 0.020112730000789725
1 0.34236884361262465 0.6953698768064439 0.0306009634367843 0.02134663981678905
0 0.3711600726526099 0.6940742714996446 0.028626707731185374 0.019248993129590105
0 0.41237266050698884 0.6931488391376449 0.01661665218879152 0.014436744847192665
0 0.42783766353418096 0.693210534628445 0.015300481718392208 0.013819789939193
0 0.4423977993629734 0.6935190120824448 0.014477875174392581 0.012709271104793427
0 0.4562175893021664 0.693025448156045 0.01349074732159306 0.01369639895759291
0 0.47653597093895594 0.693333925610045 0.011022927689594331 0.015547263681592125
0 0.4905202821869488 0.6929020571744451 0.016287609571191655 0.015917436626391834
0 0.5235890652557318 0.6745784964068544 0.01069388507199454 0.01456013582879253
0 0.5097692753165389 0.6745784964068544 0.013326226012793164 0.016781173497591454
0 0.49488009687014656 0.6745784964068545 0.015465003027192102 0.014806917791992372
0 0.4811425675853536 0.6742083234620547 0.01365526863039303 0.015053699755192327
0 0.4660066071757613 0.6744551054252546 0.015629524335991997 0.01456013582879253
0 0.45358524836136765 0.6745168009160545 0.013819789939192926 0.015177090736792305
0 0.4400945010397746 0.6753805377872542 0.014148832556792716 0.014436744847192552
0 0.4258634078285819 0.6758741017136539 0.01398431124799282 0.015423872699992035
0 0.4118790965805891 0.6769229250572534 0.018261865276790697 0.014806917791992372
0 0.3806200479086051 0.6561932401484639 0.031423569980783966 0.019742557055989905
0 0.4145114375213877 0.6562549356392638 0.03372686830398273 0.022086985706388694
0 0.44766248124457075 0.6550210258232646 0.03257521914238331 0.022086985706388694
0 0.4816361315117534 0.655884762694464 0.03372686830398273 0.02381445944878782
0 0.5159388243965357 0.6549593303324647 0.03487851746558214 0.024678196319987324
0 0.3663066940430124 0.638486634288873 0.011351970307194197 0.016164218589591675
0 0.38530890520940264 0.6397822395956725 0.014477875174392581 0.01604082760799181
0 0.3992109558029956 0.6383015478164732 0.017274737423991174 0.01530048171839217
0 0.415909868646187 0.6380547658532733 0.014477875174392581 0.016287609571191655
0 0.4358169470109768 0.638424938798073 0.02665245202558633 0.01307944404959336
0 0.4610709679117639 0.6391652846876726 0.02089420621758932 0.015547263681592012
0 0.5090289294269393 0.5416864092237226 0.03751085840638076 0.024184632393587525
0 0.4732455447629576 0.5431054055121218 0.03372686830398273 0.02406124141198766
0 0.4400945010397746 0.5437840559109215 0.035536602700781794 0.02171681276158887
1 0.3719004185422095 0.5444627063097213 0.03405591092158251 0.02184020374318885
1 0.40760154255179126 0.5438457514017214 0.03668825186238121 0.025541933191186944
1 0.30642093763984307 0.5445860972913211 0.03603016662718156 0.024554805338387345
0 0.27326989391666007 0.5460050935797205 0.031917133907183655 0.022703940614388355
0 0.2726940693358603 0.5650690002369106 0.028791229039985267 0.01912560214799024
0 0.27326989391666007 0.5806162639185026 0.03290426175998317 0.0178916923319908
0 0.3023901655742451 0.5803694819553028 0.03158809128958382 0.018632038221590444
0 0.3023079049198452 0.5639584814025111 0.028791229039985267 0.0188788201847904
0 0.3648260022638132 0.5626011806049119 0.03175261259838376 0.018138474295190755
0 0.3315926978862302 0.5806162639185026 0.0310945273631841 0.01912560214799013
0 0.36408565637421353 0.5801843954829029 0.031917133907183724 0.02023612098238959
0 0.4061208507725921 0.5812332188265025 0.01595856695359179 0.012956053067993382
0 0.42076324725578457 0.5796908315565031 0.014971439100792343 0.016287609571191655
0 0.43417173392297764 0.5809864368633025 0.015135960409592237 0.013943180920792865
0 0.4484028271341704 0.5796291360657032 0.016287609571191655 0.016657782515991475
0 0.4699551185869594 0.5803077864645028 0.013326226012793164 0.015794045644791855
0 0.48352812656295235 0.579937613519703 0.015465003027192028 0.012092316196793875
0 0.5167614309405354 0.5642052633657111 0.015135960409592237 0.0178916923319908
0 0.5018722524941429 0.5629096580589117 0.015300481718392208 0.01801508331359078
0 0.4869008133933506 0.5634032219853116 0.01793282265919083 0.01604082760799181
0 0.47324554476295766 0.5620459211877121 0.016287609571191655 0.014806917791992372
0 0.4599193187501645 0.5628479625681118 0.016287609571191655 0.015917436626391834
0 0.4465108320829713 0.562662876095712 0.016452130879991624 0.015794045644791855
0 0.43236199952617854 0.5634032219853116 0.01711021611519128 0.01604082760799181
0 0.42076324725578457 0.5634032219853116 0.017274737423991174 0.01530048171839217
0 0.40332398852299345 0.564390349838111 0.01694569480639131 0.01456013582879253
0 0.3777409250046066 0.525213713180131 0.013490747321593135 0.015917436626391834
0 0.39164297559819944 0.5239798033641317 0.015300481718392132 0.014436744847192665
0 0.4079305851693911 0.5260157545605306 0.01595856695359179 0.015053699755192327
0 0.42890705204138035 0.5260774500513306 0.02500723893758715 0.012956053067993382
0 0.453173945089368 0.5259540590697307 0.01793282265919083 0.01616421858959179
0 0.3171148227118376 0.5265710139777303 0.015629524335991997 0.014436744847192552
0 0.33776224696622703 0.5274964463397299 0.02665245202558633 0.012339098159993718
0 0.35865645318381634 0.5258306680881307 0.015465003027192102 0.017398128405591115
0 0.4799086577693542 0.4613588802021637 0.01743925873279107 0.013573007975993045
0 0.4646164021164021 0.33699845679012347 0.01543209876543205 0.015707671957671938
0 0.45037845385067604 0.3374807098765432 0.007899764844209296 0.015294312169312188
0 0.496766607877719 0.3187417328042328 0.013594944150499697 0.01749889770723101
0 0.48243680188124627 0.3205329585537919 0.013594944150499697 0.017498897707231065
0 0.46976043503821285 0.3195684523809524 0.017636684303350945 0.015294312169312131
0 0.4885912698412698 0.29834931657848324 0.036191945914168105 0.02273478835978838
0 0.4546957671957672 0.3187417328042328 0.011390358612580802 0.014467592592592574
0 0.4303534685479129 0.3374807098765432 0.01598324514991179 0.016947751322751305
0 0.416115520282187 0.33734292328042326 0.012125220458553817 0.01501873897707228
0 0.3860780423280423 0.33816964285714285 0.017452968841857746 0.013916446208112925
0 0.40196942974720756 0.33823853615520283 0.015064667842445579 0.015432098765432086
0 0.41290049970605525 0.3203951719576719 0.013778659611992896 0.01556988536155204
0 0.4260361552028219 0.3189484126984127 0.011022927689594331 0.0162588183421517
1 0.43944738389182836 0.31908619929453264 0.015064667842445654 0.015156525573192234
0 0.45368533215755436 0.2981426366843034 0.029578189300411565 0.022597001763668426
0 0.43264991181657847 0.2829861111111111 0.018371546149323962 0.014054232804232767
0 0.4087669018224574 0.28326168430335097 0.02608759553203991 0.010471781305114626
0 0.29734347442680775 0.28491512345679015 0.017820399764844216 0.012951940035273356
0 0.31746031746031744 0.28512180335097004 0.025720164609053516 0.010333994708994671
0 0.33858759553204 0.2829861111111111 0.012125220458553779 0.016534391534391495
0 0.35723471487360375 0.2829861111111111 0.012308935920047014 0.016534391534391495
0 0.37294238683127573 0.28236607142857145 0.015799529688418593 0.013365299823633107
0 0.3881907701352145 0.2827105379188712 0.015432098765432124 0.012676366843033504
0 0.3526418283362728 0.30089836860670194 0.034354791299235715 0.01956569664902999
0 0.38681290417401526 0.30020943562610225 0.03508965314520869 0.022045855379188718
0 0.42080026455026454 0.29917603615520283 0.03361992945326274 0.022183641975308616
0 0.25141460905349794 0.3031029541446208 0.032517636684303367 0.019290123456790136
0 0.28365667254556143 0.3025518077601411 0.034171075837742516 0.021770282186948865
0 0.28292181069958844 0.3206018518518518 0.03123162845385068 0.01846340388007058
0 0.31305114638447973 0.3205329585537919 0.0327013521457966 0.018601190476190476
0 0.34446649029982357 0.3199818121693122 0.03012933568489123 0.018050044091710772
0 0.251873897707231 0.3219797178130511 0.03086419753086417 0.020116843033509694
0 0.25325176366843033 0.33934082892416223 0.03288506760728983 0.016809964726631405
0 0.2839322457378013 0.33996086860670194 0.031047912992357447 0.01887676366843033
0 0.3145208700764256 0.33927193562610225 0.03086419753086417 0.01997905643738974
0 0.3455687830687831 0.3394786155202822 0.029394473838918255 0.020392416225749548
0 0.3841490299823633 0.32080853174603174 0.015064667842445579 0.016396604938271653
0 0.31312503633932204 0.4084766919588348 0.01835135763707195 0.02003205128205127
0 0.33438353974068263 0.4103163701377987 0.027072794929937857 0.011446886446886455
0 0.35327998720855863 0.40650074132216985 0.013263852549566833 0.017442874585731724
0 0.37117710331996046 0.40718210361067503 0.01417233560090704 0.015535060177917332
0 0.38716640502354793 0.4067051500087215 0.017806267806267796 0.014853697889412177
0 0.40351909994767143 0.406773286237572 0.014899122041979221 0.015262515262515236
0 0.42704881097738245 0.4084766919588348 0.027799581371009924 0.011310613989185436
0 0.44848901098901106 0.40745464852607705 0.015807605093319355 0.017170329670329682
0 0.5050875050875051 0.42421616082330366 0.03561253561253559 0.02534667713239138
0 0.5148082737368451 0.4442482121053549 0.010720100005814312 0.015535060177917276
0 0.49945491016919585 0.4437712585034013 0.01417233560090704 0.015671332635618353
0 0.4845557881272167 0.4448614381650096 0.015262515262515274 0.014581152974010138
0 0.46992921100063956 0.4452021193092622 0.017261177975463716 0.013899790685504981
0 0.4556660270945985 0.4442482121053549 0.013082155939298807 0.014717425431711157
0 0.4428564160707018 0.44533839176696316 0.011446886446886493 0.014444880516309062
0 0.4279572940287227 0.4452021193092622 0.014717425431711196 0.015807605093319372
0 0.41478428978428983 0.4463604351997209 0.014899122041979221 0.01430860805860804
0 0.3995217745217745 0.4458153453689168 0.014899122041979147 0.014581152974010138
0 0.4027923135065992 0.4623043127507413 0.015262515262515274 0.014036063143206002
0 0.4170554974126403 0.4623043127507413 0.014354032211175066 0.014036063143206002
0 0.4306827431827433 0.4620317678353392 0.0154442118727833 0.014036063143206002
0 0.4463994999709286 0.4617592229199372 0.013808942380370913 0.014581152974010138
0 0.46593188557474274 0.4619636316064887 0.012900459329030705 0.013899790685504981
0 0.33020451770451775 0.44649670765742194 0.0310701203558347 0.017851691958834837
0 0.3589125821268679 0.44458889324960754 0.028889761032618234 0.016761512297226625
0 0.3343835397406826 0.4269416099773242 0.033613872899587185 0.01935068899354617
0 0.3682699575556719 0.42680533751962324 0.03452235595092743 0.01989577882435025
0 0.40152043723472297 0.42564702162916446 0.035975928833071644 0.020304596197453364
0 0.43785975928833076 0.4251019317983603 0.03306878306878307 0.02275750043607189
0 0.4707468457468458 0.4245568419675563 0.03561253561253559 0.022484955520669796
0 0.3604570033141462 0.4627131301238444 0.028708064422350132 0.016488967381824527
0 0.3292051863480435 0.4632582199546485 0.030888423745566676 0.01676151229722657
0 0.29995203209488924 0.4636670373277516 0.03306878306878307 0.017851691958834782
0 0.26724664224664224 0.4641439909297052 0.03197860340717484 0.01798796441653586
