1 0.2887647122341 0.03408446712018142 0.06883705863297698 0.06630628441852933
0 0.3646879386675305 0.03636216391318434 0.06951193175682974 0.06984936831875609
1 0.4426357844725191 0.03737447359896341 0.060738581146744436 0.06984936831875607
0 0.5016871828096318 0.03281908001295758 0.04656624554583747 0.06377551020408163
0 0.7142722168232374 0.03130061548428897 0.07086167800453512 0.06175089083252348
1 0.6352689601917865 0.030075720764496286 0.06402674448464195 0.06015144152899257
1 0.5607385811467445 0.032566002591512815 0.06343807364215528 0.0632693553611921
0 0.34984072994277077 0.2142755911888565 0.04386675305042651 0.04403547133138969
0 0.40720494547025154 0.2135163589245222 0.050615484288953745 0.04352931648850016
0 0.4976379440665154 0.2135163589245222 0.030369290573372218 0.038467768059604814
0 0.5303692905733722 0.2157940557175251 0.03644314868804678 0.043023161645610625
0 0.6791788143828961 0.2193371396177519 0.03711802181189935 0.043023161645610625
0 0.6454351581902602 0.2119978943958536 0.03306878306878307 0.03543083900226758
0 0.565125256451787 0.2152879008746356 0.0425170068027212 0.02783851635892451
0 0.5965068567109384 0.21073250728862974 0.016196954972465104 0.03391237447359898
0 0.28404060036713097 0.28108803045027536 0.07558578987150419 0.06225704567541302
1 0.3687371774106468 0.2841249595076126 0.0654626930137134 0.06731859410430839
0 0.7142722168232374 0.2783041788143829 0.07626066299535683 0.07187398769031421
0 0.6322751322751323 0.27754494655004863 0.06613756613756613 0.06731859410430836
0 0.5020246193715582 0.28159418529316493 0.04994061116510103 0.06934321347586656
0 0.4395988554151819 0.2823534175574992 0.057364215527480875 0.07896015549076775
0 0.7098855415181947 0.5237892776158082 0.07288629737609327 0.06883705863297702
0 0.6319376957132059 0.5237892776158082 0.0695119317568297 0.07592322643343057
0 0.5 0.5217646582442501 0.05398984990821731 0.06175089083252343
0 0.6828906165640859 0.46583454810495634 0.035093402440341204 0.04707240038872693
0 0.6471223409998921 0.45672376093294464 0.035093402440341204 0.03796161321671531
0 0.5043866753050427 0.45267452218982834 0.02766979807796137 0.03593699384515712
0 0.5337436561926358 0.4549522189828313 0.02834467120181393 0.04352931648850019
0 0.28842727567217363 0.5134131033365728 0.07761040924306233 0.07238014253320371
0 0.3660376849152359 0.5156908001295757 0.07896015549076771 0.06984936831875604
0 0.43892398229132923 0.5179684969225785 0.06681243926141885 0.07136783284742464
0 0.6113540654356981 0.5837686264982184 0.048590864917395456 0.040998542274052405
0 0.5627632005183025 0.5814909297052154 0.04049238743116306 0.035430839002267525
1 0.3822346398877011 0.5784540006478782 0.049265738041248175 0.04251700680272101
1 0.4308255048050967 0.5769355361192097 0.04521649929813205 0.03846776805960473
0 0.40821725515603063 0.45115605766115974 0.05398984990821731 0.0460600907029478
0 0.35456484180973974 0.4506499028182702 0.045216499298131936 0.045047781017168734
0 0.5715365511283879 0.45824222546161325 0.047241118669690184 0.030875445416261714
0 0.603593024511392 0.4569768383543894 0.023620559334845092 0.04251700680272112
0 0.5600637080228917 0.5197400388726919 0.060738581146744436 0.07389860706187243
0 0.38830849800237555 0.09305150631681246 0.042517006802721045 0.039480077745383875
0 0.6164156138645934 0.0887491901522514 0.039817514307310196 0.043023161645610625
0 0.43521218011013935 0.09279842889536769 0.032393909944930355 0.03492468415937805
0 0.47874149659863946 0.09153304178814385 0.04386675305042647 0.044541626174279245
0 0.5229456862109924 0.09052073210236479 0.04724111866969003 0.04150469711694201
0 0.565125256451787 0.08900226757369617 0.03981751430731034 0.05061548428895367
0 0.39067055393586003 0.34334507612568843 0.04049238743116291 0.051121639131843206
0 0.43015063168124396 0.3408143019112407 0.04521649929813205 0.03998623258827339
1 0.48076611597019764 0.3408143019112407 0.042517006802721045 0.037961613216715255
0 0.6143909944930354 0.3380304502753483 0.04116726055501562 0.041504697116942
0 0.5681621855091243 0.340561224489796 0.039142641183457484 0.03441852931648851
1 0.523620559334845 0.34182661159701977 0.04049238743116291 0.0430231616456106
1 0.5182215743440233 0.5797193877551021 0.04319187992657376 0.03694930353093613
0 0.47435482129359685 0.5797193877551021 0.04049238743116291 0.040998542274052405
1 0.2847154734909837 0.781928247489472 0.07693553611920961 0.07086167800453516
0 0.615065867616888 0.8370991253644315 0.042517006802721045 0.03239390994493043
0 0.5668124392614189 0.8381114350502106 0.047241118669690184 0.040492387431162985
0 0.5259826152683295 0.8396298995788792 0.035768275564193916 0.035430839002267636
0 0.4770543137890077 0.8391237447359897 0.04184213367886833 0.03441852931648857
1 0.4318378144908757 0.8396298995788792 0.044541626174279335 0.03745545837382577
1 0.38493413238311197 0.8388706673145448 0.04386675305042647 0.03694930353093624
1 0.7115727243278264 0.7745890022675738 0.08435914048158953 0.0744047619047619
0 0.6768167584494116 0.7156219630709427 0.035093402440341204 0.04352931648850019
0 0.6454351581902602 0.7082827178490445 0.03306878306878307 0.04403547133138972
0 0.5944822373393803 0.7105604146420473 0.029694417449519506 0.04454162617427926
0 0.5634380736421553 0.7125850340136054 0.05129035741280646 0.03138160025915125
0 0.4939261418853255 0.7108134920634921 0.02564517870640323 0.042010851959831584
0 0.5249703055825504 0.7095481049562683 0.035093402440341204 0.04555393586005833
1 0.34579149119965447 0.7103073372206027 0.04656624554583736 0.05517087787495948
1 0.3609761364863406 0.7814220926465825 0.07693553611920957 0.07086167800453516
0 0.4024808336032826 0.7128381114350502 0.05196523053665917 0.04707240038872693
1 0.4318378144908757 0.7799036281179138 0.07018680488068241 0.0728862973760933
0 0.4979753806284419 0.779650550696469 0.060738581146744436 0.06934321347586656
0 0.5533149767843646 0.7768666990605766 0.07018680488068241 0.07086167800453516
0 0.6342997516466905 0.7745890022675738 0.07558578987150426 0.07339245221898284
