0 0.42060512893846225 0.2791318103818104 0.03277086610419941 0.034185971685971706
0 0.3911113494446828 0.2771208708708709 0.029791696458363142 0.03776097526097525
0 0.40392177892177894 0.251202094952095 0.016683350016683363 0.0230140855140855
0 0.3872384289050955 0.24874427999428003 0.01906668573335247 0.014970327470327466
0 0.39334572667906 0.37554518804518805 0.02651460984794314 0.032175032175032134
0 0.3562550645883979 0.24718021593021597 0.014300014300014333 0.019439081939081955
0 0.4094332427665761 0.3508553196053196 0.015789599122932468 0.0189922064922065
0 0.38381238381238386 0.40660303160303163 0.017577100910434185 0.024131274131274128
0 0.3918561418561418 0.3479506292006292 0.018768768768768738 0.013182825682825694
0 0.4045176128509461 0.723884598884599 0.02979169645836307 0.033962533962533965
0 0.41986033652700316 0.698077541827542 0.014597931264597989 0.02077970827970827
0 0.4003467753467753 0.6952845702845702 0.022641689308355976 0.016981266981266983
0 0.38366342533009196 0.6945025382525383 0.014895848229181571 0.01899220649220644
0 0.3711509128175795 0.6940556628056628 0.014895848229181496 0.014970327470327524
0 0.3328685828685829 0.6950611325611326 0.018172934839601498 0.012959387959387952
0 0.31588731588731594 0.6933853496353497 0.015193765193765191 0.01675782925782924
0 0.3721936221936221 0.7216502216502217 0.030685447352114037 0.03128128128128128
0 0.34508317841651176 0.7242197554697555 0.02949377949377945 0.03239846989846988
0 0.2735831069164403 0.7514791577291577 0.02174793841460508 0.0203328328328329
0 0.2975654225654226 0.7519260331760331 0.020258353591686908 0.018545331045331067
0 0.3228883645550313 0.7530432217932218 0.014300014300014333 0.01765158015158021
0 0.3462748462748463 0.7517025954525954 0.02234377234377232 0.017204704704704726
0 0.3684696601363268 0.7519260331760331 0.019662519662519706 0.018545331045331067
0 0.39304780971447634 0.7534900972400972 0.018172934839601498 0.0176515801515801
