0 0.49079585537918874 0.814525462962963 0.05015432098765427 0.04174933862433866
0 0.4428461199294533 0.8149388227513228 0.04574514991181663 0.045882936507936505
0 0.3626543209876543 0.8198991402116402 0.03417107583774255 0.03761574074074082
0 0.2926587301587302 0.8564814814814815 0.02976190476190476 0.023148148148148074
0 0.32379850088183426 0.8562748015873016 0.023699294532627854 0.021081349206349208
0 0.34915123456790126 0.8552414021164022 0.02480158730158734 0.0239748677248678
0 0.376984126984127 0.8554480820105821 0.027557319223985865 0.022734788359788323
0 0.40481701940035275 0.8546213624338624 0.027006172839506123 0.021081349206349208
0 0.4334766313932981 0.851727843915344 0.029210758377425018 0.026041666666666668
0 0.47178130511463845 0.7783564814814815 0.022045855379188663 0.03141534391534399
0 0.4516644620811288 0.7764963624338624 0.028108465608465607 0.030175264550264626
0 0.4213514109347443 0.7748429232804234 0.01488095238095238 0.027695105820105783
0 0.40288800705467376 0.7789765211640212 0.026455026455026454 0.020254629629629706
0 0.3780864197530865 0.775462962962963 0.02094356261022925 0.027281746031746032
0 0.35852072310405647 0.7773230820105821 0.02039241622574951 0.02686838624338628
0 0.3221450617283951 0.8217592592592593 0.043540564373897694 0.041335978835978913
0 0.23120590828924165 0.8227926587301587 0.04574514991181659 0.04174933862433866
1 0.27888007054673725 0.8211392195767196 0.046296296296296294 0.042576058201058274
1 0.26923500881834217 0.7798032407407408 0.029210758377425056 0.03430886243386247
0 0.3012014991181658 0.7791832010582012 0.029210758377425018 0.03637566137566134
0 0.39599867724867727 0.8186590608465609 0.046847442680776036 0.045882936507936505
0 0.49001978168644833 0.6604282854282856 0.04170837504170837 0.0424531674531674
0 0.4398207731541065 0.6599814099814101 0.04081462414795755 0.04424066924066923
0 0.39558010391343723 0.6610985985985987 0.04468754468754464 0.0451344201344202
0 0.3587873587873588 0.6604282854282856 0.034260450927117624 0.03843128843128848
0 0.3225904475904476 0.6603165665665666 0.04349587682921013 0.04669848419848428
0 0.27700915200915205 0.6599814099814101 0.04230420897087565 0.04424066924066923
0 0.23053410553410555 0.6589759402259403 0.05243338576671908 0.043570356070356114
0 0.2698591448591449 0.6194274631774633 0.0268125268125268 0.03284534534534525
0 0.3021831355164689 0.6205446517946519 0.025322941989608664 0.030164092664092677
0 0.36012798512798516 0.6181985556985558 0.01549168215834881 0.025471900471900417
0 0.3769602936269603 0.61875715000715 0.016385433052099704 0.027929715429715476
0 0.40109156775823446 0.6190923065923066 0.02651460984794314 0.02457814957814956
0 0.4195624195624195 0.6208798083798085 0.013406263406263436 0.03128128128128128
0 0.4503968253968254 0.6211032461032462 0.016087516087516122 0.027706277706277732
0 0.4718468468468468 0.6234493421993422 0.027408360741694036 0.031057843557843533
0 0.2926497926497927 0.6978541041041041 0.022343772343772356 0.027035964535964505
0 0.31797273463940134 0.6985244172744173 0.022343772343772356 0.02346096096096096
0 0.34657276323942987 0.6987478549978551 0.025918775918775866 0.02346096096096096
0 0.37249153915820576 0.6968486343486343 0.025322941989608664 0.02949377949377945
0 0.3984103150769817 0.6967369154869155 0.02651460984794314 0.0248015873015873
0 0.4298405548405549 0.7004236379236379 0.02204585537918874 0.02457814957814956
0 0.42701034367701035 0.5489328614328615 0.0354521187854521 0.026365651365651388
0 0.3984103150769817 0.5501617689117689 0.03187711521044852 0.030164092664092562
0 0.37189570522903853 0.5513906763906765 0.029493779493779487 0.029940654940654933
0 0.34523213689880355 0.5539602102102102 0.02681252681252676 0.025248462748462673
0 0.3202071118737786 0.5532898970398971 0.022641689308355976 0.02346096096096096
0 0.28996853996854 0.5548539611039611 0.029493779493779487 0.0225672100672101
1 0.4865937365937366 0.5100546975546977 0.04260212593545926 0.04647504647504654
1 0.3918561418561418 0.5138531388531389 0.04379379379379382 0.043793793793793855
1 0.27328518995185663 0.5180984555984556 0.04498546165212829 0.04290004290004294
0 0.32005815339148674 0.5156406406406406 0.03664378664378661 0.04513442013442014
0 0.35506339673006343 0.5149703274703276 0.033962533962533924 0.03396253396253402
0 0.22770389437056107 0.519439081939082 0.04379379379379382 0.044687544687544656
0 0.2634539301205968 0.47653903903903905 0.02830211163544497 0.03128128128128128
0 0.2963737547070881 0.47430466180466185 0.035154201820868515 0.03217503217503219
0 0.3501477668144335 0.47050622050622054 0.02353544020210687 0.03083440583440585
0 0.3701082034415368 0.4729640354640355 0.020556270556270528 0.03306878306878305
0 0.39379260212593536 0.4736343486343486 0.032175032175032175 0.0223437723437723
0 0.41524262357595687 0.4689421564421565 0.014895848229181571 0.03262190762190762
0 0.4447364030697364 0.47005934505934505 0.020854187520854186 0.029046904046904076
0 0.46380308880308874 0.4763156013156013 0.0268125268125268 0.029046904046904017
0 0.42239263072596406 0.3943139568139568 0.030387530387530382 0.027259402259402245
0 0.3912603079269746 0.3939788002288003 0.03366461699795038 0.03150471900471902
0 0.3693634110300777 0.3981123981123981 0.027408360741694036 0.03083440583440585
0 0.3416571333238 0.3973303660803661 0.028600028600028516 0.0248015873015873
0 0.31320606320606326 0.3992295867295867 0.025322941989608664 0.02323752323752327
0 0.28564874398207735 0.4000116187616187 0.03336670003336669 0.026589089089089073
0 0.47989060489060487 0.3540951665951666 0.05005005005005001 0.04200629200629203
1 0.4316280566280566 0.3544303231803232 0.04528337861671195 0.04312348062348063
1 0.3885790552457219 0.35822876447876445 0.04558129558129561 0.04848598598598595
0 0.3528290194956862 0.35901079651079654 0.03783545450212109 0.04513442013442014
0 0.314248772582106 0.35878735878735885 0.04290004290004292 0.045581295581295575
0 0.27045497878831215 0.3635912698412698 0.04349587682921016 0.04401723151723154
1 0.22263930597263937 0.3652670527670528 0.04796463129796464 0.04692192192192192
0 0.25794246627579964 0.3229256041756042 0.032175032175032175 0.030610968110968105
0 0.2898195814862482 0.3210263835263835 0.031579198245864935 0.03038753038753036
0 0.3470196386863053 0.31834513084513083 0.016683350016683363 0.033515658515658533
0 0.36608632441965766 0.31957403832403836 0.020258353591686946 0.02971721721721719
0 0.38872801372801374 0.3199091949091949 0.027408360741694036 0.021003146003146015
0 0.40600719767386434 0.31700450450450446 0.017279183945850603 0.033515658515658533
0 0.4395228561895229 0.3170045045045045 0.014597931264597915 0.03262190762190762
0 0.45933433433433435 0.3193506006006006 0.021450021450021423 0.026142213642213644
0 0.28490395157061826 0.2585755398255398 0.03128128128128128 0.022120334620334588
0 0.31514252347585686 0.25902241527241526 0.021450021450021423 0.026589089089089073
0 0.34404046904046903 0.2595810095810096 0.027408360741694 0.026365651365651388
0 0.3680227846894514 0.2596927284427285 0.028302111635444934 0.025248462748462732
0 0.3984103150769817 0.26047476047476054 0.025322941989608664 0.02815315315315316
0 0.42537180037180033 0.25913413413413416 0.023237523237523216 0.029046904046904017
1 0.48629581962915297 0.22472472472472474 0.04677296343963016 0.04245316745316743
0 0.44056556556556553 0.22371925496925502 0.039920873254206575 0.0466984841984842
0 0.3942394775728109 0.22293722293722296 0.048560465227131956 0.0437937937937938
0 0.3580425663758997 0.2226020663520664 0.03277086610419941 0.03776097526097525
0 0.3203560703560704 0.2246130058630059 0.04081462414795744 0.04357035607035606
0 0.26762476762476767 0.18215983840983843 0.03366461699795031 0.03284534534534536
0 0.30084250917584254 0.181712962962963 0.032175032175032175 0.03105784355784356
0 0.358638400305067 0.17947858572858577 0.01608751608751605 0.026589089089089104
0 0.3750238333571667 0.1822715572715573 0.019066685733352393 0.029940654940654933
0 0.397367605700939 0.18227155727155728 0.030387530387530382 0.0218968968968969
0 0.41688116688116683 0.17925514800514802 0.014002097335430676 0.03329222079222079
0 0.44920515753849094 0.17959030459030462 0.014895848229181571 0.033962533962533965
0 0.4645478812145478 0.1869637494637495 0.017577100910434185 0.03262190762190762
1 0.2759664426331093 0.2233840983840984 0.039622956289622924 0.04334691834691834
1 0.226959101959102 0.22371925496925502 0.05183755183755184 0.051167238667238664
