0 0.38056077694235585 0.2616110588972431 0.027847396268448864 0.01609927596769697
0 0.40790053838299456 0.26150228000556947 0.02625197252390237 0.018057296017822296
0 0.43444258795135987 0.2603601016429964 0.028572588879606363 0.01620805485937065
0 0.4612747145641883 0.25959864940128097 0.025381741390513374 0.01686072820941237
0 0.48832439896036384 0.25861963937621835 0.025526779912744872 0.0168607282094124
0 0.5148664485287292 0.2585108604845447 0.0252367028682818 0.0157729392926761
0 0.5421336907082521 0.25900036549707606 0.02639701104613387 0.015011487050960668
0 0.5683131439710387 0.258130134363687 0.025961895479439296 0.016751949317738747
0 0.5973208484173397 0.2567703982177667 0.03002297410192143 0.01664317042606515
0 0.40898832729973084 0.2755891464773044 0.02378631764596673 0.014250034809245325
0 0.43284716420681335 0.2754803675856307 0.022480970945883236 0.01468515037593988
0 0.4703396222036573 0.274827694235589 0.014213775178687469 0.01163934140907828
0 0.4833930892044927 0.2741206314397104 0.011603081778520404 0.013271024784182704
0 0.49354578576069813 0.2742837997772208 0.010442773600668333 0.012509572542467276
0 0.5048587904947553 0.27450135756056804 0.013343544045298472 0.01294468810916183
0 0.5156641604010025 0.2734679580896686 0.010297735078436834 0.014358813700919005
0 0.5283550310962591 0.27433818922305764 0.010732850645131332 0.012618351434140956
0 0.5396680358303165 0.27308723196881096 0.012183235867446402 0.011204225842383723
0 0.552141348742226 0.27259772695627965 0.009862619511742336 0.013271024784182704
0 0.5628016801262415 0.2723257797270955 0.011748120300751829 0.012509572542467276
0 0.5754925508214982 0.27232577972709554 0.012183235867446402 0.010769110275689227
0 0.5698360484544696 0.28722848788638256 0.0127633899563724 0.013597361459203577
0 0.5563474658869396 0.28603192007797273 0.009282465422816338 0.012944688109161774
0 0.4158051378446116 0.2917428118908382 0.022335932423651738 0.014576371484266198
0 0.43937389770723106 0.2895128446115288 0.021320662768031164 0.01468515037593988
0 0.46163731086976706 0.2902199074074074 0.021175624245799666 0.014793929267613448
0 0.5013053467000835 0.2897304023948761 0.011167966211825905 0.012509572542467276
0 0.5126908706952567 0.2886426134781398 0.010152696556205335 0.012509572542467276
0 0.5226260094681148 0.2876092140072403 0.012038197345214902 0.013923698134224395
0 0.5346642068133296 0.2881531084656085 0.010587812122899833 0.013923698134224451
0 0.5276298384851017 0.2462732351712615 0.008992388378353339 0.009790100250626549
0 0.516679430056623 0.24518544625452524 0.011458043256288904 0.010877889167362851
0 0.49833205699433775 0.24562056182121975 0.010732850645131332 0.009137426900584802
0 0.47896941427643186 0.24611006683375108 0.008267195767195767 0.009246205792258426
0 0.46395792722547113 0.247306634642161 0.015954237445465536 0.007940859092174875
0 0.4490914786967419 0.24698029796714008 0.011748120300751829 0.010551552492341949
0 0.4258969605684934 0.7892009906152241 0.02727571158228095 0.01900851581508507
0 0.4542588730544935 0.7882958231954583 0.02799984551809369 0.017560247943459596
0 0.47948287181863813 0.7891104738732477 0.0325860271115745 0.014844745684161779
0 0.5071206503688255 0.7879337562275518 0.02558606573205108 0.01466371220020865
0 0.5329480940794808 0.7870285888077859 0.02655157764646814 0.017560247943459596
0 0.5616720735333873 0.7868475553238327 0.02606882168925965 0.01756024794345971
0 0.5847236704900938 0.7853087707102305 0.02534468775344691 0.01774128142741284
0 0.6126028270188854 0.7849467037423241 0.02703433360367663 0.018465415363225574
0 0.6408440505155834 0.7847656702583711 0.02317228594600855 0.019189549299038423
0 0.6182752095160854 0.8006966168462519 0.01037925307998301 0.013396477812536191
0 0.6060856215965704 0.8012397172981115 0.008689607229753215 0.01375854478044256
0 0.6171890086123663 0.8164465299501796 0.01303441084462986 0.01375854478044256
0 0.600895995056579 0.8170801471440158 0.01037925307998301 0.014301645232302169
0 0.5965511914417023 0.8020543679759008 0.01037925307998301 0.012129243424863847
0 0.5836374695863746 0.8010586838141582 0.013034410844629786 0.014120611748348928
0 0.5738616614529023 0.8016017842660178 0.01231027690881705 0.013034410844629824
0 0.5615513845440853 0.8016017842660178 0.013758544780442597 0.013396477812536304
0 0.5506893755068937 0.8018733344919476 0.009896497122774519 0.011767176456957478
0 0.5393446105124936 0.8033216023635732 0.009896497122774519 0.013215444328583063
0 0.5275170895608852 0.8027785019117136 0.01279303286602554 0.011767176456957478
0 0.5170171474916 0.8030500521376434 0.012551654887421295 0.011224076005097982
0 0.4788794268721276 0.8043172865253159 0.01882748233113198 0.013034410844629824
0 0.45389680608658706 0.8034121191055498 0.0258274437106554 0.012310276908817088
0 0.4621036573591317 0.8184378982736646 0.017620592438110677 0.013396477812536191
0 0.4822587185725872 0.8183473815316881 0.01979299424554896 0.014663712200208538
0 0.5061551384544084 0.8178042810798285 0.022206774031591568 0.01321544432858295
0 0.5440514810952767 0.8179853145637818 0.01255165488742137 0.011043042521144629
0 0.5562410690147915 0.8164465299501795 0.012793032866025615 0.013396477812536191
0 0.5687927239022129 0.816356013208203 0.01037925307998301 0.013939578264395801
0 0.5800167999073107 0.8166275634341328 0.011103387015795822 0.013396477812536191
0 0.5721720156026725 0.7750803788668752 0.01037925307998301 0.007784439809987201
0 0.5616720735333873 0.7735415942532731 0.010620631058587255 0.00832754026184681
0 0.5416377013092342 0.7739036612211794 0.010620631058587255 0.00832754026184681
0 0.5231722859460085 0.7728174603174603 0.008448229251148895 0.010499942069285133
0 0.5086896072297531 0.7752614123508285 0.016655080523693695 0.0063361719383617275
0 0.49444830649210203 0.7743562449310625 0.010862009037191577 0.009956841617425523
1 0.590898428336852 0.8866237586988818 0.02818177079260826 0.01832629603565565
1 0.5893508744493966 0.9013458831808585 0.011728829462819635 0.012095355383532734
0 0.6015684051398338 0.900857181953241 0.010425626189172983 0.011851004769724002
0 0.6122383819428154 0.9006739189928844 0.010588526598378806 0.013194933145672145
0 0.623152709359606 0.9003684807256235 0.009936924961555517 0.012828407224959046
1 0.6456329658300102 0.8821643599968723 0.023620559334845016 0.01869282195636875
0 0.6203834024031069 0.884363515521151 0.02427216097166838 0.01649366643209004
0 0.5645085620455079 0.8862572327781687 0.02296895769802173 0.016127140511377053
0 0.5382815961633696 0.8879676870748298 0.02394636015325666 0.016615841738994407
0 0.5764817421221362 0.8723292477910705 0.009122422915526333 0.010507076393775858
0 0.5658932155237574 0.8708020564547657 0.01009982537076134 0.01014055047306287
0 0.5463451664190581 0.8717183712565486 0.010425626189172983 0.01075142700758459
0 0.5268785675189616 0.871535108296192 0.007982120051085579 0.012095355383532734
0 0.5133578335548779 0.8730012119790445 0.017104542966611985 0.006963992493549116
0 0.49731214324810386 0.8720848971772616 0.013032032736466212 0.013194933145672032
0 0.48338415826100556 0.8882120376886385 0.023620559334845092 0.01686019235280314
0 0.5100998253707614 0.8876622488075688 0.023946360153256737 0.017959770114942552
0 0.45585398910522057 0.8889450895300647 0.027530169155784896 0.01588278989756821
0 0.4286496207678474 0.889983579638752 0.02427216097166838 0.017715419501133818
0 0.4578087940156906 0.9037893893189459 0.023620559334845016 0.013317108452576512
0 0.48151080355513853 0.9040948275862069 0.020525451559934325 0.011973180076628369
0 0.5205254515599343 0.9028119868637109 0.012869132327260389 0.01087360231448907
0 0.5320913806135481 0.9026287239033544 0.007656319232673859 0.011728829462819635
0 0.542598457007324 0.9029952498240674 0.009774024552349696 0.011973180076628369
0 0.5551417885161728 0.9027508992102588 0.012706231918054567 0.011728829462819635
0 0.5663819167513748 0.9013458831808585 0.011077227825996346 0.011606654155915268
0 0.5774591445773712 0.9013458831808585 0.011077227825996272 0.012828407224958933
0 0.6181027966742252 0.914357553366174 0.0073305184142622905 0.010018375166158505
0 0.6058038157791852 0.9139299397920086 0.008470821278703045 0.01087360231448907
0 0.5840566111502071 0.9146629916334349 0.006353115959027283 0.0133171084525764
0 0.5727350327104023 0.914724079286887 0.009774024552349696 0.011240128235202169
0 0.5617392550890088 0.9155793064352178 0.010588526598378806 0.010507076393775858
0 0.551069278286027 0.9162512706231918 0.011728829462819635 0.013317108452576512
0 0.5117288294628196 0.9166788841973571 0.019385148695493494 0.0129505825318633
0 0.4886784215601949 0.9170454101180702 0.01889644746787603 0.013439283759480766
0 0.46432481038392365 0.9182671631871139 0.018407746240258562 0.013439283759480766
0 0.4092553688141924 0.4393528244631186 0.025287892934951768 0.017069327731092477
0 0.4362939620292562 0.4392798786181139 0.029567382508559007 0.01809056956115781
0 0.46304077186430126 0.43679971988795513 0.027427637721755386 0.016923436041083102
0 0.48939853719265486 0.43665382819794585 0.025287892934951768 0.017215219421101737
0 0.5144919078742609 0.43665382819794585 0.025287892934951768 0.01633986928104572
0 0.5433784624961095 0.43614320728291317 0.028983815748521588 0.016777544351073786
0 0.5706115779645191 0.4358514239028945 0.026649548708372287 0.016485760971055096
0 0.5971638655462186 0.43497607376283853 0.023731714908185493 0.01648576097105504
0 0.6260504201680672 0.4354137488328665 0.0278166822284469 0.018236461251167183
0 0.5566059757236228 0.42469070961718025 0.009531590413943409 0.00846171802054158
0 0.5462962962962963 0.42308590102707755 0.007975412387177134 0.008753501400560214
0 0.5270385932150639 0.4240341970121382 0.010698723934018021 0.009191176470588222
0 0.5059329287270464 0.4237424136321195 0.006613756613756613 0.009482959850606912
0 0.4927054154995332 0.4249095471521942 0.01672891378773729 0.006856909430438809
0 0.4781162464985995 0.4243259803921569 0.008169934640522888 0.011525443510737634
0 0.4386282290694056 0.45335842670401494 0.022564581388110804 0.014735060690943064
0 0.46206816059757244 0.45262896825396826 0.022370059134765048 0.015026844070961698
0 0.5003890445066916 0.45153478057889823 0.010309679427326433 0.013130252100840293
0 0.5111850295673825 0.4518265639589169 0.010115157173980677 0.014005602240896366
0 0.5205220977279801 0.45124299719887956 0.011671335200746952 0.012838468720821658
0 0.5344304388422035 0.4509512138188609 0.015756302521008358 0.012546685340802968
0 0.5453236850295674 0.4521183473389356 0.010309679427326508 0.011379551820728319
0 0.5559251478369126 0.4502947012138188 0.0077808901338313015 0.01094187675070031
0 0.5674992219109867 0.4509512138188609 0.010309679427326433 0.010504201680672303
0 0.4437830687830688 0.467874649859944 0.022370059134765048 0.015172735760971015
0 0.4658613445378152 0.46772875816993464 0.02450980392156867 0.01458916900093369
0 0.489301276065982 0.467218137254902 0.023148148148148147 0.016193977591036406
0 0.5793650793650794 0.4511700513538749 0.00992063492063492 0.010650093370681618
0 0.5908418923124805 0.4514618347338936 0.013422035480858983 0.012984360410830975
0 0.6020269218798631 0.4510971055088703 0.011671335200746952 0.011963118580765642
0 0.5974556489262371 0.4657592203548086 0.00992063492063492 0.01181722689075627
0 0.5853952692187987 0.46612394957983194 0.010309679427326508 0.013422035480858983
0 0.563608776844071 0.467218137254902 0.007197323373793958 0.011525443510737579
0 0.5524237472766884 0.4662698412698413 0.010893246187363776 0.012254901960784334
0 0.5407524120759416 0.4660510037348272 0.011671335200746952 0.01210901027077496
0 0.5290810768751946 0.467218137254902 0.011282290694055364 0.01240079365079365
0 0.4794779022720199 0.5201768207282913 0.009337068160597577 0.012109010270775017
0 0.49494242141300965 0.5200309290382821 0.015367258014316846 0.009191176470588222
0 0.5097261126672892 0.5187179038281979 0.009142545907251746 0.013859710550887049
0 0.5296646436352319 0.5197391456582633 0.010504201680672265 0.01240079365079365
0 0.5483387799564271 0.5195203081232493 0.009337068160597577 0.011671335200747065
0 0.5587457205104264 0.5199579831932774 0.00836445689386872 0.012254901960784222
0 0.4116868969810146 0.5368084733893558 0.024704326174914422 0.015902194211017715
0 0.4389200124494243 0.5368814192343605 0.02587145969498911 0.018382352941176558
0 0.465083255524432 0.5357142857142857 0.02723311546840963 0.016631652661064412
0 0.49173280423280424 0.5346200980392156 0.027233115468409556 0.017361111111111112
0 0.521494708994709 0.5339635854341737 0.027622159975101142 0.01488095238095238
1 0.5477552131963896 0.5333800186741364 0.022564581388110804 0.01925770308123246
0 0.5745992841581077 0.534109477124183 0.026455026455026454 0.016339869281045777
0 0.6019296607531902 0.532577614379085 0.024704326174914422 0.015902194211017715
0 0.6281901649548709 0.5325046685340803 0.02587145969498911 0.016631652661064412
0 0.6052365390600686 0.5470938375350141 0.010309679427326508 0.010795985060690936
0 0.5932734204793029 0.547312675070028 0.01206037970743854 0.012109010270774904
0 0.5825746965452848 0.5476044584500467 0.008558979147214476 0.010358309990662985
0 0.5718759726112668 0.5483339169000934 0.011671335200746952 0.013567927170868414
0 0.5605936819172114 0.5484798085901027 0.01128229069405544 0.01240079365079365
0 0.5496031746031746 0.5487715919701214 0.013811079987550571 0.01240079365079365
0 0.5380291005291006 0.54906337535014 0.011671335200746952 0.012109010270775017
0 0.5267468098350452 0.5500846171802054 0.010893246187363852 0.014151493930905682
0 0.514394646747588 0.5492092670401494 0.010309679427326508 0.011817226890756382
0 0.5039877061935886 0.5498657796451913 0.01206037970743854 0.009628851540616287
1 0.4657640834111422 0.5511788048552754 0.019646747587924084 0.014005602240896366
0 0.44251867413632123 0.5513976423902894 0.024509803921568592 0.013859710550886936
0 0.4473817304699658 0.5648196778711485 0.01945222533457833 0.010941876750700253
0 0.47004357298474947 0.5640172735760971 0.021591970121381948 0.014005602240896366
0 0.4932889822595705 0.5643820028011204 0.02100840336134453 0.012109010270775017
0 0.5323879551820728 0.562047735760971 0.010115157173980677 0.01181722689075627
0 0.5431839402427638 0.5616100606909431 0.011865857454092783 0.01298436041083092
0 0.5541744475568006 0.5619018440709618 0.010504201680672265 0.01181722689075627
0 0.5660403050108933 0.5616100606909431 0.007391845627139714 0.01298436041083092
0 0.5874377528789294 0.5617559523809523 0.010504201680672265 0.011233660130718888
0 0.5998871770930594 0.5618288982259569 0.007391845627139714 0.010795985060690936
0 0.6247860255213197 0.6132557189542485 0.030345471521942106 0.013567927170868301
0 0.5998871770930595 0.6143499066293184 0.022175536881419218 0.015172735760971015
0 0.5738211951447246 0.6143499066293184 0.032679738562091484 0.015172735760971015
0 0.5581621537503891 0.601657329598506 0.013032990974167472 0.011671335200746952
0 0.5466853408029879 0.6147875816993464 0.02353719265483966 0.015756302521008396
0 0.5479497354497355 0.6011467086834734 0.009726112667289089 0.009482959850606857
0 0.5281084656084656 0.6007819794584501 0.010115157173980751 0.010212418300653555
0 0.509045284780579 0.601657329598506 0.009726112667289165 0.013713818860877618
0 0.49465063803299103 0.6028244631185808 0.014394646747587916 0.0075863678804855075
0 0.47869981325863675 0.6022408963585434 0.01283846872082164 0.011379551820728206
0 0.516048085901027 0.6169759570494865 0.023731714908185493 0.015464519140989763
0 0.4922191098661687 0.61843487394958 0.023537192654839736 0.015756302521008396
0 0.4644996887643947 0.616392390289449 0.025287892934951768 0.014297385620915
0 0.41013071895424846 0.6189454948646125 0.026649548708372287 0.017361111111111112
0 0.43765561780267664 0.6174136321195145 0.025287892934951768 0.017507002801120542
0 0.44057345160286343 0.6334617180205415 0.02489884842826018 0.014005602240896366
0 0.46352707749766575 0.6330240429505136 0.021786492374727705 0.01488095238095238
0 0.5011671335200747 0.6315651260504201 0.013032990974167396 0.011671335200746952
0 0.5128384687208217 0.6312733426704016 0.00914254590725182 0.013422035480858983
0 0.5247043261749145 0.6314192343604108 0.011476812947401195 0.012838468720821715
0 0.5362784002489885 0.6309086134453782 0.011282290694055364 0.011233660130719001
0 0.5480469965764084 0.6304709383753502 0.00992063492063492 0.011525443510737634
0 0.5589402427637723 0.6301062091503268 0.011476812947401195 0.01313025210084035
0 0.5701252723311547 0.6296685340802989 0.010893246187363852 0.012546685340802968
0 0.5809212573918457 0.6297414799253034 0.010309679427326508 0.014151493930905682
0 0.592300809212574 0.6290849673202614 0.008558979147214476 0.01254668534080308
0 0.6034858387799564 0.6285743464052288 0.008753501400560233 0.01298436041083092
0 0.5972611266728914 0.6441118113912231 0.010698723934018096 0.014005602240896366
0 0.5871459694989106 0.6437470821661998 0.008753501400560158 0.013859710550887049
0 0.5650676937441644 0.6448412698412699 0.008948023653906064 0.014589169000933747
0 0.5539799253034547 0.6444765406162466 0.009726112667289089 0.011233660130719001
0 0.5423085901027078 0.6449871615312792 0.010504201680672265 0.01108776844070957
0 0.5301509492685963 0.6446224323062558 0.010309679427326433 0.012109010270774904
0 0.4914410208527856 0.6457895658263306 0.020813881107998772 0.016485760971055096
0 0.4685846560846561 0.6468108076563959 0.022564581388110804 0.014151493930905682
0 0.44572829131652664 0.6468837535014005 0.021591970121381948 0.015172735760971128
0 0.6000239839525554 0.3758394383394383 0.008176347462061792 0.013627245770102943
0 0.5870326763183906 0.3769296180010466 0.010901796616082338 0.013082155939298807
0 0.5656833246118961 0.3769296180010466 0.011083493226350365 0.013627245770102943
0 0.5541455898598756 0.376725209314495 0.012718762718762678 0.011855703819989571
0 0.5426078551078551 0.3774065716030001 0.011810279667422471 0.011583158904587476
1 0.5310701203558347 0.3773384353741497 0.010901796616082338 0.01090179661608232
0 0.4914602593174022 0.3785648874934589 0.023620559334845016 0.016897784754927644
0 0.46829394150822723 0.37808793389150536 0.02343886272457699 0.014036063143206002
0 0.4454001686144544 0.3792462497819641 0.021985289842432705 0.016352694924123452
0 0.4097876330019187 0.3495388540031397 0.02489243560672135 0.01608015000872141
0 0.4368604279318566 0.3489937641723356 0.02961654747369034 0.016897784754927588
0 0.4639332228617943 0.3480398569684283 0.025619222047793457 0.017442874585731724
0 0.49037007965579393 0.3477673120530263 0.025800918658061486 0.015262515262515293
0 0.5176245711959998 0.3475629033664748 0.023257166114308964 0.015126242804814217
0 0.5450607593464737 0.34742663090877374 0.023620559334845016 0.015126242804814217
0 0.5708616780045352 0.34592763387406245 0.02834467120181408 0.017579147043432743
0 0.5972076864934008 0.34579136141636135 0.02289377289377291 0.017034057212628607
1 0.625824902610617 0.34456490929705214 0.025619222047793457 0.017851691958834782
0 0.44140284318855755 0.36391559829059833 0.024529042386185224 0.015126242804814217
0 0.46238880167451607 0.3630298273155416 0.02035002035002039 0.013627245770102886
0 0.5004542415256701 0.3628935548578406 0.014354032211175066 0.011719431362288495
0 0.5134455491598349 0.36200778388278393 0.009084830513401998 0.015126242804814217
0 0.5250741322169895 0.36207592011163436 0.009811616954474104 0.01280961102389671
0 0.5346132042560615 0.36228032879818595 0.013263852549566833 0.010492979242979204
0 0.546605180533752 0.3619396476539334 0.010356706785278185 0.011174341531484359
0 0.5583246118960404 0.3614626940519797 0.009084830513401924 0.011855703819989514
0 0.570225739868597 0.36105387667887673 0.011083493226350365 0.011583158904587476
0 0.5814909297052154 0.36166710273853137 0.011083493226350365 0.01280961102389671
0 0.5919384847956277 0.3611220129077272 0.011265189836618391 0.011446886446886455
0 0.6032036746322461 0.3600999694749695 0.010901796616082338 0.01240079365079365
0 0.48371487064954405 0.6917449349924225 0.0076440403073568764 0.012089215920874205
0 0.4980059025285156 0.6921811438143097 0.01562043019329451 0.007727127702002084
0 0.5122138470128421 0.6901870463428253 0.008142564675227974 0.011466060461035314
0 0.5319886469383958 0.6902493618888091 0.012795458775358266 0.01034438063332529
0 0.5512649224960783 0.6895638908829864 0.010136662146712438 0.012463109196777586
0 0.5625648081678233 0.6914956728084869 0.009471962989550926 0.01159069155300307
0 0.6314442583286805 0.7035225731833773 0.02459386881497434 0.01819613942729524
0 0.6057702533833188 0.7039587820052645 0.025092393182845434 0.016575935231714082
0 0.5772712770200208 0.7038964664592806 0.026255616707878047 0.01670056632368184
0 0.5510156603121428 0.7048935151950229 0.02559091755071661 0.016451304139746326
0 0.5241784318417484 0.7048935151950229 0.023098295711361044 0.017946877243359617
0 0.4952640185052246 0.7055166706548617 0.029080588125814214 0.015952779771875304
0 0.46925766398128216 0.7065137193906039 0.023264470500651387 0.01645130413974644
0 0.44416527079843665 0.7076353992183139 0.025258567972135777 0.01819613942729524
0 0.4165802557762357 0.708071608040201 0.027917364600781678 0.015828148679907436
0 0.4454946691127596 0.7237128100821569 0.02326447050065146 0.012213847012841962
0 0.4680944404562495 0.7217187126106724 0.021270373029166997 0.013958682300390764
0 0.5082256520698731 0.7212201882428014 0.010801361303873876 0.011715322644970825
0 0.5179468772433596 0.7217187126106724 0.009638137778841342 0.013958682300390764
0 0.529412937704395 0.7210332416048497 0.009970487357422023 0.013335526840551986
0 0.5409620855600755 0.720347770599027 0.010801361303873876 0.01296163356464872
0 0.5523450586264657 0.7206593483289464 0.011299885671744975 0.01358478902448761
0 0.5636449442982108 0.7202231395070592 0.008973438621679828 0.012213847012841962
0 0.5744463056020845 0.7199738773231236 0.01030283693600278 0.012213847012842075
0 0.5874079391667332 0.719786930685172 0.010967536093164218 0.011839953736938694
1 0.5982923878652523 0.7187898819494297 0.01146606046103539 0.013335526840551986
0 0.6092599239584164 0.7195999840472203 0.010469011725293121 0.01196458482890645
1 0.603076100416526 0.7329660587639311 0.010084806184096953 0.011609253630530203
1 0.592991294232429 0.733405803219633 0.008443093549476484 0.0131923336710571
0 0.5709454388532403 0.7337136243386244 0.008208563173102194 0.011345406957109129
0 0.5595707155990844 0.7339774710120456 0.011022927689594331 0.011169509174828299
0 0.5476682989980862 0.7348569599234493 0.01114019287778155 0.011345406957109016
0 0.535355454238433 0.7344172154677474 0.013016435888776308 0.010465918045705208
0 0.49664339419978515 0.7352421231650555 0.02030539311241067 0.012991307634164756
0 0.47443178050947477 0.7357393980984207 0.022460251156993023 0.014358813700918892
0 0.4501067483523624 0.7366717885984803 0.022874646934797304 0.01423449496757772
