0 0.1543808948700253 0.891374439268461 0.04277375201288244 0.02830615942028981
0 0.19733436853002068 0.8940702639751552 0.04169542213020474 0.027766994478951014
0 0.24262422360248445 0.893665890269151 0.04385208189556018 0.03019323671497582
0 0.28072521279043017 0.8947442201518289 0.03163100989187946 0.02695824706694282
0 0.196256038647343 0.8653597308488612 0.011502185415228879 0.019949102829537692
0 0.2196198527720267 0.8681903467908901 0.028755463538072217 0.01590536576949616
0 0.24208505866114557 0.8661684782608695 0.011142742121003016 0.020488267770876485
0 0.2963609960892569 0.8671120169082126 0.016174948240165597 0.02021868530020709
0 0.32349896480331264 0.8668424344375432 0.02012882447665055 0.018062025534851568
0 0.34236973775017254 0.87304283126294 0.019050494593972882 0.018062025534851568
1 0.4077884172992869 0.8967660886818495 0.043492638601334246 0.029923654244306423
1 0.36088106740280657 0.8948790113871634 0.044570968484011944 0.032619478951000626
0 0.3163100989187946 0.8955529675638371 0.04241430871865654 0.031810731538992436
0 0.3288384283754654 0.9250073486184597 0.018371546149323924 0.019979056437389682
1 0.34736307074270045 0.926212981334509 0.018677738585146007 0.016878858024691384
0 0.36650009798157945 0.9259833370076426 0.019290123456790174 0.01756779100529104
0 0.3845654516950814 0.9250647597001763 0.011022927689594331 0.01917530129335684
0 0.4034728346070938 0.9266148589065255 0.01974941211052328 0.019749412110523206
0 0.4221505731922399 0.9266722699882421 0.017912257495590854 0.0198642342739565
0 0.441593792866941 0.9264426256613755 0.018830834803056994 0.01871601263962377
0 0.4591233098177543 0.9269593253968254 0.019902508328434265 0.020438345091122866
0 0.47902581814618855 0.9267870921516755 0.018983931020968053 0.020782811581422637
0 0.15216539290613365 0.9201274066725456 0.03949882422104647 0.030427873309817763
1 0.1921235057809132 0.9210459839800117 0.03551832255535959 0.028361074368018782
1 0.23277055163629237 0.9208163396531451 0.044550999412110506 0.026983208406819576
1 0.2748720115618264 0.921964561287478 0.04179526748971191 0.025146053791887075
0 0.15208884479717813 0.9484310699588477 0.03995811287477955 0.02594980893592003
0 0.19273589065255733 0.9480866034685478 0.03858024691358027 0.02594980893592003
0 0.23322984029002553 0.9484884810405644 0.03903953556731334 0.027212852733686056
0 0.2721162796394278 0.9500385802469136 0.03842715069566921 0.02663874191651969
0 0.3283501755723978 0.9520517541350874 0.01857015745904631 0.019066685733352393
0 0.3467217217217217 0.9518283164116497 0.018768768768768738 0.01861981028647702
0 0.3663345885568107 0.9525731088231089 0.019463908352797245 0.019066685733352393
0 0.3843089120866898 0.9533923804757137 0.01827224049446269 0.01966251966251967
0 0.4126110237221348 0.9522751918585252 0.01350556906112463 0.019066685733352393
0 0.4334155584155584 0.9538020163020163 0.020556270556270528 0.019588040421373718
0 0.18890848520478154 0.01728762492651386 0.04041740152851266 0.02640909758965314
0 0.22871350186165001 0.016828336272780763 0.03919263178522436 0.027327674897119337
1 0.26989638447971787 0.016943158436214037 0.04807221242406426 0.028475896531452084
1 0.3104668822261415 0.0188951352145797 0.03858024691358024 0.02686838624338624
0 0.36803106016068987 0.022684266607877764 0.020821085635900405 0.016993680188124628
0 0.38624951009210273 0.023488021751910684 0.018677738585146007 0.017682613168724274
0 0.4041617675876935 0.022799088771311034 0.019596315892612143 0.02089763374485596
0 0.4219209288653733 0.022913910934744312 0.014084852047815016 0.021586566725455614
0 0.4402924750146972 0.021650867136978294 0.02020870076425631 0.019060479129923574
0 0.4594295022535763 0.022224977954144666 0.017452968841857746 0.02250514403292181
0 0.47917891436409954 0.02360284391534396 0.017759161277679795 0.019290123456790115
0 0.4995407113462669 0.02268426660787776 0.017452968841857746 0.01883083480305702
0 0.5176060650597687 0.02245462228101121 0.01806535371350184 0.01974941211052322
0 0.46999314128943764 0.04909336419753091 0.018983931020968053 0.01837154614932392
0 0.45116230648638056 0.04932300852439746 0.013778659611992896 0.020208700764256324
0 0.42421737213403876 0.048634075543797804 0.019902508328434265 0.020208700764256318
0 0.40538653733098173 0.048404431216931255 0.017759161277679795 0.017452968841857732
0 0.38732118361747997 0.04817478689006471 0.021433470507544572 0.021586566725455607
0 0.36772486772486773 0.047600676072898335 0.019596315892612143 0.019060479129923574
1 0.31215094062316284 0.04645245443856559 0.03582451499118163 0.025490520282186947
0 0.18921467764060357 0.044730121987066475 0.03980501665686855 0.02663874191651969
0 0.2296320791691162 0.0446152998236332 0.04347932588673327 0.02686838624338624
0 0.27127425044091713 0.043926366843033554 0.042254556143445046 0.026868386243386243
0 0.24676274018379282 0.10664682539682539 0.01601225285435812 0.02114661654135338
0 0.26973684210526316 0.10886591478696742 0.03341687552213869 0.01148705096073516
0 0.29062238930659984 0.1057330827067669 0.013923698134224432 0.020885547201336677
0 0.34353244221665274 0.10638575605680868 0.022974101921470355 0.019580200501253125
0 0.3731203007518797 0.10651629072681704 0.017404622667780607 0.01775271512113617
1 0.3912211083263715 0.11017126148705096 0.018796992481203017 0.01827485380116959
1 0.20509362599206352 0.1306888640873016 0.03978587962962963 0.026157924107142856
1 0.24875475363756616 0.13252960689484128 0.04185267857142857 0.0248015873015873
1 0.29138248181216936 0.13097950768849206 0.03616898148148148 0.021701388888888888
1 0.20160590277777782 0.15965634300595238 0.03901083002645503 0.027126736111111112
1 0.2397125082671958 0.16033451140873015 0.03978587962962963 0.02732049851190476
1 0.2800150876322752 0.15800936259920634 0.03771908068783069 0.025382874503968252
1 0.20160590277777782 0.18726748511904762 0.03797743055555555 0.02654544890873016
1 0.24139178240740744 0.18649243551587302 0.04211102843915344 0.029645647321428572
1 0.2838903356481482 0.18629867311507936 0.03978587962962963 0.030808221726190476
1 0.3253554894179894 0.1876550099206349 0.03746073082010578 0.027708023313492064
1 0.3239345651455027 0.16062515500992064 0.039269179894179856 0.025189112103174604
0 0.3288432126322751 0.13349841889880953 0.03203538359788356 0.023639012896825396
0 0.3657872437169312 0.1314639136904762 0.03978587962962963 0.026157924107142856
0 0.41086929563492064 0.13214208209325398 0.03952752976190476 0.027901785714285716
0 0.4553054728835979 0.1331108940972222 0.05141162367724868 0.026351686507936508
0 0.37883391203703703 0.1632409474206349 0.016792741402116403 0.02228267609126984
0 0.3978226273148148 0.16188461061507936 0.018601190476190476 0.020345052083333332
0 0.4175863921957672 0.1619814918154762 0.02350983796296296 0.020151289682539684
0 0.4339916087962963 0.16246589781746032 0.013434193121693121 0.021120101686507936
0 0.45246362433862436 0.16333782862103174 0.020926339285714284 0.018988715277777776
0 0.471710689484127 0.16265966021825398 0.0160176917989418 0.020345052083333332
0 0.490182705026455 0.16207837301587302 0.021959738756613757 0.02150762648809524
0 0.510721519510582 0.16314406622023808 0.01808449074074074 0.022088913690476192
0 0.5290643601190477 0.16295030381944445 0.01808449074074074 0.020926339285714284
0 0.482432208994709 0.19123961433531747 0.016792741402116403 0.018988715277777776
0 0.46357266865079366 0.18988327752976192 0.014209242724867725 0.01976376488095238
0 0.43644593253968256 0.19094897073412698 0.018859540343915345 0.018794952876984128
0 0.41655299272486773 0.19094897073412698 0.015242642195767197 0.020345052083333332
0 0.39872685185185186 0.19153025793650794 0.021443039021164022 0.020345052083333332
0 0.3816757605820106 0.19123961433531747 0.02350983796296296 0.020538814484126984
1 0.2487096237096237 0.2578810078810078 0.016881266881266916 0.020812520812520763
1 0.2753034003034003 0.26022241647241645 0.029368779368779366 0.01682345432345431
1 0.30074092574092576 0.25909507159507156 0.01965626965626963 0.02046564546564545
1 0.34988159988159984 0.2592685092685092 0.018500018500018558 0.02046564546564545
0 0.37763162763162766 0.2605692918192917 0.015725015725015733 0.023760961260961215
0 0.3952066452066452 0.26525210900210894 0.023125023125023066 0.021679709179709208
1 0.4638879638879639 0.290747446997447 0.04486254486254483 0.0306984681984682
1 0.33485033485033483 0.2902271339771339 0.029137529137529098 0.023067210567210582
1 0.37023162023162026 0.28805916305916296 0.04023754023754017 0.031912531912531905
0 0.4144004144004144 0.28988025863025857 0.04393754393754391 0.027923465423465396
0 0.20985958485958486 0.2864982239982239 0.04601879601879605 0.028443778443778468
0 0.252987752987753 0.2896201021201021 0.04162504162504166 0.02844377844377841
1 0.29634717134717137 0.28901307026307016 0.04416879416879414 0.0306984681984682
0 0.4866265950824774 0.34699609010270777 0.019695378151260486 0.017871732026143776
0 0.4686332866479926 0.34571953781512604 0.011914488017429186 0.017871732026143776
0 0.4404275599128541 0.3456283555088703 0.017263849984438234 0.018418825863678802
0 0.4202458761282291 0.3453548085901027 0.017263849984438234 0.018965919701213824
0 0.4032251789604731 0.34571953781512604 0.02115429505135381 0.018236461251167128
0 0.38170615468409586 0.3451724439775911 0.01993853096794272 0.016412815126050438
0 0.32967145191409897 0.34307525093370683 0.03744553376906315 0.02388976423902893
1 0.2076087379396203 0.34225461017740433 0.03841814503579212 0.023342670401493903
1 0.24639161220043573 0.34188988095238093 0.041092826019296605 0.024072128851540604
1 0.2065145502645503 0.31535582983193283 0.03720238095238095 0.025713410364145674
1 0.24797210550887025 0.31626765289449116 0.0350140056022409 0.02534868113912227
1 0.29101015406162467 0.3165411998132587 0.04230859010270773 0.025895774976657293
1 0.3289419934640523 0.3159029236694678 0.036959228135698755 0.025348681139122326
0 0.38389453003423596 0.319094304388422 0.018479614067849398 0.016412815126050438
0 0.4023741441020853 0.32082676820728295 0.017020697167756 0.015865721288515412
0 0.42085375816993464 0.31809129901960786 0.01799330843448493 0.020242471988795547
1 0.4399412542794896 0.3188207574696546 0.013859710550886972 0.017324638188608753
0 0.45720510426392774 0.3212826797385621 0.019209072517896095 0.01604808590102703
0 0.4753199891067538 0.3206444035947712 0.016534391534391533 0.017689367413632102
0 0.49465063803299103 0.3200061274509804 0.017263849984438234 0.017871732026143776
0 0.5144675925925926 0.32037085667600373 0.017507002801120466 0.020060107376283873
0 0.5342845471521942 0.3210091328197946 0.015804933084344837 0.0206072012138189
1 0.251392614948953 0.3975240330874134 0.01606863402638049 0.01536999776436394
1 0.2743311722184962 0.3984846579476861 0.028411207988672763 0.010654202995752314
1 0.29773548699605035 0.3967380672926448 0.01606863402638049 0.016592611222892892
1 0.34896881287726356 0.3991832942097027 0.018397421566435642 0.013099429912810219
0 0.37854441463596394 0.398309998882182 0.017000149042402542 0.011352839257768827
0 0.3970582755794023 0.4026764755197854 0.020493330352485326 0.015544656829868067
1 0.45900402414486924 0.4197057344064386 0.038657873164915466 0.028294768611670032
0 0.41522281839183256 0.4212776659959759 0.04564423578508081 0.02410295103957079
0 0.371325173261793 0.41996772300469487 0.04168529696698709 0.025674882629107942
0 0.33313305760488865 0.4195310753409345 0.032835904314777564 0.024102951039570733
1 0.29808480512705865 0.4190070981444221 0.04098666070497058 0.022705678515537654
1 0.25325564498099706 0.41970573440643866 0.04354832699903124 0.025500223563603812
1 0.20598125791787766 0.4159505644980997 0.04727438706311945 0.02637351889112451
1 0.20388534913182801 0.4433720377822491 0.04447984201505329 0.025325564498099685
0 0.24440625232878754 0.445817264699307 0.039822266934942986 0.02497624636709143
0 0.2846942767717416 0.4438960149787615 0.03656196437886578 0.027770791415157647
0 0.32591381623071763 0.44485663983903423 0.04215105447499814 0.026548177956628696
0 0.3793594902749833 0.4470398781578359 0.019561815336463236 0.021133746926000445
0 0.398688426857441 0.4473891962888442 0.01769878530441913 0.022531019450033524
1 0.4176680453088904 0.4486991392801252 0.021191966614501838 0.020959087860496318
0 0.4361819062523288 0.44896112787838144 0.018164542812430136 0.022531019450033583
0 0.4550450853267755 0.448437150681869 0.018164542812430136 0.017640565615917717
0 0.4747233400402414 0.44948510507489386 0.016534391534391533 0.020435110663983878
0 0.4913741709516358 0.44861180974737314 0.019096057828452154 0.021483065057008758
0 0.5096551531410687 0.44913578694388556 0.01700014904240262 0.020435110663983933
1 0.5309635591325733 0.4481751620836128 0.021424845368507344 0.01921249720545498
1 0.20400178850883077 0.4717541359266711 0.04098666070497058 0.028294768611670032
1 0.2431254191817572 0.4708808405991505 0.03958938818093748 0.028644086742678286
1 0.28455483702397283 0.4716771996864589 0.044908223920569625 0.03153782088967269
1 0.32354334051864914 0.47244268077601403 0.03796786204193607 0.03061924358220655
0 0.3804951335815533 0.4781072408387223 0.01959631589261222 0.024189202429943192
0 0.39886667973087725 0.47535150891632366 0.022045855379188663 0.022964432686654913
1 0.4172382258802012 0.4747391240446795 0.024495394865765255 0.027251126788163802
0 0.4362221569011692 0.47749485596707814 0.01673851982493959 0.0248015873015873
0 0.4635753478346071 0.47917891436409954 0.013472467176170925 0.02388300999412111
0 0.4835799203083153 0.4778010484029002 0.024903651446861366 0.027251126788163802
0 0.416005291005291 0.582010582010582 0.041005291005291 0.02976190476190476
0 0.3725749559082892 0.5815145502645503 0.04056437389770726 0.028108465608465645
0 0.3298059964726632 0.5815145502645503 0.0432098765432099 0.02612433862433866
0 0.291005291005291 0.5810185185185185 0.04056437389770726 0.023809523809523808
0 0.25485008818342153 0.5798611111111112 0.037037037037037035 0.026785714285714284
1 0.20921516754850092 0.5815145502645503 0.04453262786596119 0.025462962962962927
0 0.16622574955908287 0.5791997354497354 0.04497354497354496 0.02744708994708991
1 0.20502645502645503 0.6066468253968254 0.037037037037037035 0.02612433862433855
1 0.16556437389770723 0.6046626984126984 0.042768959435626114 0.028108465608465534
0 0.34038800705467376 0.6104497354497354 0.019400352733686094 0.02513227513227517
0 0.35758377425044097 0.6101190476190477 0.02028218694885359 0.022486772486772562
1 0.3772045855379189 0.6107804232804234 0.02513227513227513 0.02645502645502642
0 0.39616402116402116 0.611441798941799 0.0163139329805997 0.01984126984126984
0 0.41424162257495595 0.6124338624338623 0.01984126984126984 0.02248677248677245
0 0.4332010582010582 0.6104497354497354 0.023368606701939985 0.027116402116402153
0 0.4523809523809524 0.6111111111111112 0.019400352733686017 0.021825396825396824
0 0.47045855379188706 0.6107804232804234 0.019400352733686094 0.02248677248677245
0 0.4887566137566138 0.6101190476190477 0.02513227513227513 0.021825396825396824
0 0.35493827160493824 0.5608465608465608 0.021164021164021163 0.017195767195767233
0 0.335978835978836 0.5565476190476191 0.021164021164021163 0.014550264550264626
0 0.3104056437389771 0.5575396825396826 0.019400352733686056 0.017857142857142856
0 0.2839506172839506 0.6059854497354497 0.031746031746031744 0.028108465608465645
0 0.2466931216931217 0.6079695767195767 0.04188712522045858 0.028769841269841268
1 0.1657848324514991 0.6344246031746031 0.03791887125220457 0.0320767195767195
1 0.20414462081128748 0.6365740740740741 0.03968253968253968 0.02976190476190476
1 0.2458112874779541 0.6354166666666666 0.041887125220458545 0.03339947089947098
1 0.2857142857142857 0.6364087301587301 0.03791887125220461 0.028108465608465534
0 0.34104938271604945 0.6390542328042329 0.015432098765432124 0.023478835978835943
0 0.3586860670194003 0.6390542328042329 0.01807760141093477 0.02149470899470896
0 0.3778659611992945 0.6388888888888888 0.017636684303350945 0.01984126984126984
0 0.396384479717813 0.6380621693121693 0.019400352733686094 0.022817460317460316
0 0.4254850088183421 0.6410383597883598 0.011463844797178156 0.020833333333333332
0 0.4442239858906526 0.6408730158730159 0.02336860670194006 0.023148148148148074
1 0.20877425044091708 0.554398148148148 0.013668430335097015 0.018187830687830725
1 0.23390652557319222 0.5575396825396826 0.028659611992945314 0.014550264550264626
0 0.25551146384479717 0.554728835978836 0.011904761904761904 0.017526455026454987
0 0.20359721101246525 0.7237397430723702 0.014292440139897769 0.023750672585418357
0 0.22573648103309124 0.7262619383911757 0.028304636355483824 0.015343354856066676
1 0.25011770244821097 0.7241601089588378 0.009808537350910236 0.026272867904223757
0 0.30280356021881444 0.7253161151466236 0.017094879383014995 0.022279391982781786
0 0.3306878306878307 0.7254212066182405 0.0156936597614564 0.02080811138014533
0 0.3501647834274953 0.7310961460855528 0.019336830777508723 0.021228477266612842
0 0.41448076405703527 0.7565282822168414 0.04035512510088779 0.031317258541834786
0 0.3681003945834455 0.7542162698412699 0.04231683257106981 0.030476526768899653
0 0.32396197650434944 0.7534806295399515 0.04147610079813471 0.030266343825665957
0 0.28865124204107256 0.7568435566316922 0.029145368128418996 0.023960855528652056
0 0.25011770244821097 0.7544264527845035 0.04063536902519954 0.029215429109496895
1 0.16254147610079817 0.7536908124831854 0.043718052192628476 0.030266343825665842
0 0.20611940633127077 0.754006086898036 0.04007488117657608 0.029635794995964408
0 0.16254147610079817 0.7808044121603444 0.04147610079813471 0.022279391982781786
1 0.20275647923953008 0.781119686575195 0.03503049053896513 0.023750672585418357
1 0.24255111649179445 0.782170601291364 0.043998296116940186 0.02417103847188598
1 0.28206550981974715 0.7828011501210653 0.04063536902519954 0.023750672585418357
0 0.33825441664424716 0.7849029795534032 0.01793561115595013 0.017445184288404567
1 0.3571708815352883 0.784167339252085 0.015973903685768037 0.016394269572235623
0 0.3762274683884853 0.785218253968254 0.017655367231638457 0.01765536723163838
0 0.39374271365796787 0.7850080710250201 0.01120975697246883 0.018075733118106004
0 0.4127993005111649 0.7856386198547216 0.01961707470182047 0.015973903685768
0 0.43087503362927093 0.7850080710250201 0.018215855080261877 0.02059792843691152
0 0.4500717424446239 0.7858488027979553 0.019056586853197048 0.018496099004573628
0 0.4694085732221326 0.7868997175141242 0.01793561115595013 0.018916464891041138
0 0.48720406241592684 0.7865844430992737 0.019336830777508723 0.018285916061339814
1 0.1612803784413954 0.8044499932741458 0.032228051295847895 0.025432136131288738
1 0.19897318626132182 0.8047652676889966 0.03643171016052372 0.026062684960990058
1 0.23988879921083311 0.8047652676889966 0.04035512510088779 0.023540489642184543
1 0.2815050219711237 0.8079180118375033 0.03951439332795265 0.022279391982781786
0 0.33909514841718236 0.8099147497982244 0.013451708366962597 0.0157637207425343
0 0.35675051564882077 0.8088638350820555 0.017935611155950205 0.0157637207425343
0 0.37580710250201776 0.8092842009685229 0.014012196215586019 0.017024818401937057
0 0.3930421038471886 0.8101249327414581 0.01597390368576811 0.016604452515469433
0 0.4212066182405166 0.8113860304008609 0.011770244821092252 0.016604452515469433
0 0.4415243027531163 0.8117013048157116 0.018215855080261877 0.018075733118106004
