0 0.19341838500717007 0.21046580626019878 0.03090540473718043 0.0361593235425011
0 0.22664169509963905 0.2101181204569055 0.03554121544775749 0.03592753300697226
0 0.2601307916728478 0.2104333555852247 0.03090540473718043 0.03615932354250104
0 0.2903748207486525 0.20947374276813524 0.030905404737180394 0.03615932354250104
0 0.3190735795875983 0.2082823394155169 0.030905404737180394 0.03615932354250104
0 0.3511719329476338 0.2070909360628986 0.030905404737180394 0.03615932354250104
0 0.38110690797606683 0.20659490431686686 0.03090540473718043 0.03615932354250104
0 0.41227809919398695 0.20378096721554656 0.03090540473718043 0.03615932354250104
0 0.44623077683825346 0.20606642189586102 0.03090540473718043 0.03615932354250104
0 0.19152697423725457 0.3768635959056518 0.030905404737180356 0.03615932354250104
0 0.22567435593136528 0.375354639519359 0.03685778568956142 0.03506063640409442
0 0.25686718093260147 0.3747589378430499 0.029483756119270208 0.03486129654353965
0 0.285874993818919 0.37495827770360474 0.029483756119270208 0.03486129654353965
0 0.3161190228947238 0.3728397122088711 0.029483756119270208 0.03486129654353965
0 0.34914453839687487 0.37257547099836813 0.02948375611927036 0.03486129654353965
0 0.3778432972358206 0.37277481085892294 0.02948375611927036 0.03486129654353965
0 0.4093235425011126 0.3708880358997181 0.02948375611927036 0.03486129654353965
0 0.43925851752954553 0.3710873757602729 0.02948375611927036 0.03486129654353965
0 0.21051525490777834 0.49993046283934117 0.029483756119270395 0.03486129654353942
0 0.3358119467932552 0.49573968995697965 0.027975572368095877 0.03998850318943792
0 0.3047303812490728 0.49769368417148785 0.03018221826633053 0.03978916332888304
0 0.2738033427285763 0.4992999925827028 0.03022548583296255 0.03843087079068391
0 0.24457610146862482 0.5003268246550956 0.03552267220491531 0.0382315309301292
0 0.42883721505216826 0.4933058893339266 0.033538545220788286 0.041611036938139785
0 0.3971375414132423 0.49468040720961276 0.029564110171586888 0.04025274439994071
0 0.3668286109874895 0.4954754487464767 0.02898926964347534 0.03912624239727054
0 0.46066978193146413 0.49307409879839775 0.0304480047470703 0.04253819908025531
1 0.22130742224200164 0.647446595460614 0.031993274983929294 0.03558448301438966
1 0.44179585125846804 0.641172025663848 0.029873164218958675 0.038862001186767574
0 0.40916901547742673 0.6426624388072985 0.029607377738218983 0.0381990802551553
1 0.3776238688621865 0.643341585076398 0.02841442911536379 0.03915869307224461
1 0.34855115462592096 0.6450637887553774 0.029075804776739413 0.040350096424863036
1 0.31762411610542446 0.6456270397567125 0.03159150472234597 0.03876001335113496
1 0.2876798694555704 0.6473909657320871 0.029051080452949615 0.03847722889778959
1 0.2557700390644315 0.648723761311378 0.036004796518815316 0.03952028630766967
1 0.472858873559808 0.6408266577659101 0.032648469564357525 0.03955273698264374
0 0.2720726400632943 0.603350763981605 0.016379864510705604 0.02410621569500073
0 0.311918978390941 0.606347815605993 0.021367996835286507 0.017648531375166886
0 0.29022029372496666 0.6035176531671859 0.016379864510705604 0.02410621569500073
0 0.4187435098650052 0.6053395267764426 0.016379864510705604 0.02410621569500073
0 0.40015699945606487 0.6020620086040647 0.016379864510705604 0.02410621569500073
0 0.33244943875785 0.6029706275033377 0.01862977797557224 0.02393932650942009
0 0.3678144933986056 0.6021431352914998 0.0196002076843198 0.022812824506749686
0 0.2624486970281363 0.4584492286010977 0.016379864510705604 0.024106215695000675
0 0.29907160164169516 0.46065123868862184 0.021102210354546777 0.01744919151461206
0 0.2791159818028977 0.45854889853137515 0.01650966721060181 0.021653871829105442
0 0.35774860307570594 0.457141929980715 0.019952529298323602 0.019831998219848695
0 0.3191415714780201 0.4587830069722592 0.016379864510705604 0.024106215695000675
0 0.38768357810413884 0.45629821243138996 0.01818474014735701 0.01873794689215253
0 0.40805951144736197 0.4598747403946002 0.01822800771398903 0.0176114448894823
0 0.24145774613064333 0.3351552069425901 0.016416950996390192 0.02367044948820655
0 0.27991334124511696 0.33548666740839633 0.02418656974731741 0.01790813677495922
0 0.30070958809276566 0.33277240023735355 0.01641695099639027 0.02367044948820655
1 0.2585453444098304 0.3339475782524848 0.02056445631211989 0.023304220442070915
0 0.36885600553824854 0.33057039014982936 0.01998961578400834 0.024495623794689232
0 0.3890774118577857 0.33542176605844826 0.02343247787173021 0.021283006972259346
0 0.33770644810364436 0.3328210762498145 0.018623596894624922 0.02509364337635365
0 0.24502722894167892 0.17500941151866742 0.01626187535605219 0.018923132443082174
0 0.24502722894167892 0.17500941151866742 0.01626187535605219 0.018923132443082174
0 0.24502722894167892 0.17500941151866742 0.01626187535605219 0.018923132443082174
0 0.39354324284230824 0.17508278899589105 0.020175340807979197 0.01642829821747874
0 0.39354324284230824 0.17508278899589105 0.020175340807979197 0.01642829821747874
0 0.39354324284230824 0.17508278899589105 0.020175340807979197 0.01642829821747874
0 0.39354324284230824 0.17508278899589105 0.020175340807979197 0.01642829821747874
0 0.39354324284230824 0.17508278899589105 0.020175340807979197 0.01642829821747874
0 0.39354324284230824 0.17508278899589105 0.020175340807979197 0.01642829821747874
0 0.39354324284230824 0.17508278899589105 0.020175340807979197 0.01642829821747874
0 0.26161336518593487 0.7426472135314695 0.015413641601835582 0.023814519546007547
0 0.2835239885922847 0.1762920498205365 0.02184247709050011 0.012835736932609722
0 0.26402710371078447 0.17487733205966488 0.01626187535605219 0.018923132443082174
0 0.30428883628020936 0.17425509105280848 0.01670801041757187 0.016616144559171216
0 0.3418209266969151 0.17228302914414007 0.019521792077507448 0.01711217630520296
0 0.372113106027556 0.17295190705731683 0.017248068649937796 0.01540688373452578
0 0.2790496326222024 0.7430229951572511 0.01942197894350622 0.02426545749694554
0 0.3587554206613237 0.7413244622087181 0.01942197894350622 0.02426545749694554
0 0.30053432077355713 0.7444058715401274 0.02335014953834348 0.018192826424314464
0 0.3211572163964527 0.7412342746185305 0.01942197894350622 0.02426545749694554
0 0.38907849265106237 0.7389645535988095 0.01942197894350622 0.02426545749694554
0 0.40868928309518615 0.743676855186111 0.019482104003631227 0.02025210973359782
0 0.21064735588659228 0.7860424756767316 0.03196807482293538 0.03833472156620967
1 0.3997106074498439 0.783088832098088 0.0314269492818098 0.03853012801161616
0 0.3684155136547501 0.7823898782741341 0.029883739405266566 0.03812428385577193
1 0.43061488835412476 0.7810145175237733 0.02934261386414099 0.04177688125836939
0 0.4628519414245112 0.7793385314727874 0.034212743734271016 0.03911634734783553
1 0.33582773106696745 0.7832015665858225 0.03172757458243509 0.040409036140524164
0 0.30703784811041784 0.7833293323385883 0.029583114104641314 0.03865037813186618
1 0.2760433796159493 0.7842838176680736 0.031046157234351134 0.038545159276647416
0 0.2434756387148751 0.785561475195731 0.03537516156335547 0.03788378361527168
1 0.2920132994982056 0.24523321819502023 0.017649666396668377 0.01921220074185095
1 0.34864739897925734 0.2438720325888467 0.011922320550639139 0.017830804888326977
1 0.3313680777910368 0.24542884133437004 0.017649666396668002 0.019212200741850642
1 0.36652341327823085 0.24386612185129672 0.01758528469511852 0.021687969810540372
1 0.38740942254919586 0.24400220135684528 0.014442287083094321 0.01944046313825491
1 0.31085080008349375 0.24458163667079386 0.014799312882598002 0.017623143289961646
1 0.3114053811711428 0.40726932763645923 0.017649666396668377 0.019212200741850923
0 0.2915019141980445 0.4074385731738297 0.016188143078491132 0.016768600719283353
0 0.3656047437356566 0.4053250466037813 0.016188143078491094 0.016768600719283353
0 0.3856437073887507 0.4047104899545434 0.011939523340741002 0.016412751857999633
0 0.328643189790407 0.40665139235947495 0.015591467210076157 0.015107972699959636
0 0.34601508420034494 0.4059316071627876 0.012119244987853934 0.016817125564003842
1 0.31140538117114275 0.5348503741793702 0.01764966639666834 0.019212200741850642
1 0.3292401045143407 0.5343543424333385 0.01764966639666834 0.019212200741850642
1 0.3467945839332269 0.5342786765737744 0.017649666396668304 0.019212200741850642
1 0.3645446906306515 0.5312149200626834 0.012996530316134116 0.019121141849343725
1 0.3819035427709993 0.5299236859899701 0.017649666396668304 0.019212200741850642
0 0.40431325301343635 0.5302906634157849 0.013048680055093083 0.017606728051400105
0 0.4171035857190233 0.6748208625010689 0.013048680055093083 0.017606728051400105
0 0.35881284946218533 0.6761870516320886 0.018294846318208515 0.017547876827294653
0 0.37822814853850134 0.6750898966684082 0.013048680055093083 0.017606728051400105
0 0.39514367180995685 0.6762164772441412 0.01625467054921915 0.016227927943786326
1 0.34123400100640255 0.6769389582655353 0.014778881674756548 0.016884795333336144
0 0.32222980758253333 0.6779651993318464 0.015795070513347855 0.018615606178922266
1 0.31084915469244645 0.8174441074338358 0.013833363043165762 0.016723959689818074
1 0.3466898938680513 0.8164977686462154 0.017580330063637874 0.016759254561417636
1 0.3670848040884731 0.8153991463676483 0.0138333630431658 0.016723959689818074
1 0.3846347625912219 0.8145393791583448 0.015315430393077806 0.015294557047191855
1 0.40585015299533145 0.8145240714949318 0.0138333630431658 0.016723959689818074
1 0.3293739126039968 0.816012166733027 0.013833363043165762 0.016723959689818074
