0 0.2783811380302609 0.08430146546922866 0.022480970945883198 0.018057296017822324
0 0.29955676227606054 0.08375757101086051 0.021610739812494163 0.018709969367864114
0 0.320804905782976 0.08430146546922866 0.02059547015687363 0.01696950710108605
0 0.3407477025898079 0.08392073934837097 0.022480970945883236 0.017295843776106924
0 0.3617057690522604 0.08392073934837097 0.019725239023484598 0.0179485171261487
0 0.3821562006869024 0.08375757101086051 0.020885547201336667 0.017404622667780565
0 0.40282419010489184 0.08354001322751327 0.021320662768031164 0.01696950710108605
0 0.4241448528729231 0.0836487921191869 0.02074050867910517 0.017622180451127813
0 0.4445227652464495 0.08354001322751327 0.021175624245799742 0.018057296017822324
0 0.4505418639190569 0.10110780423280427 0.009427503945047837 0.0149027081592871
0 0.4398090132739256 0.1015973092453356 0.012328274389677901 0.013923698134224451
0 0.42914868188990996 0.10083585700362019 0.009282465422816263 0.01501148705096074
0 0.4201562935115567 0.10116219367864107 0.011893158822983403 0.013271024784182675
0 0.40985855843311986 0.10105341478696746 0.007832080200501268 0.015229044834308002
0 0.3999234196602618 0.10110780423280429 0.0126183514341409 0.014467592592592587
0 0.38897301123178324 0.10224998259537736 0.011893158822983403 0.014793929267613476
0 0.3766447368421053 0.10181486702868285 0.0124733129119094 0.016534391534391527
0 0.34234312633435443 0.10235876148705099 0.01783973823447503 0.016316833751044275
0 0.32116750208855477 0.1019780353661933 0.021030585723568168 0.016860728209412413
0 0.3010796667594913 0.10219559314954055 0.018855007890095636 0.015772939292676126
0 0.28120938921377525 0.1024131509328878 0.021755778334725702 0.016643170426065165
0 0.2898391812865498 0.06874608395989978 0.0094275039450478 0.007179406850459475
0 0.3014422630650701 0.06890925229741023 0.015229044834308002 0.006200396825396825
0 0.31101480553234945 0.06836535783904209 0.005076348278102667 0.007505743525480377
0 0.3221102524830595 0.06782146338067395 0.01102292768959437 0.008158416875522137
0 0.3316102756892231 0.0680390211640212 0.008847349856121765 0.007723301308827626
0 0.343938550078901 0.069561925647452 0.015519121878771039 0.0053301656920078004
0 0.35648438225192614 0.07059532511835147 0.010732850645131407 0.008919869117237538
0 0.3815035273368607 0.06820218950153163 0.01000765803397376 0.009137426900584788
0 0.39455699433769614 0.06863730506822617 0.015519121878770963 0.00935498468393205
0 0.4112364243943192 0.06885486285157341 0.01580919892323396 0.010007658033973826
0 0.42806089297317373 0.06901803118908385 0.0184198923234011 0.009246205792258412
0 0.45155713357467747 0.11742463798384854 0.004786271233639631 0.0118568991924255
0 0.44205711036851386 0.11807731133389031 0.010732850645131332 0.011421783625730987
0 0.42508760326742784 0.11753341687552218 0.006961849067112272 0.012944688109161788
0 0.4158051378446116 0.11829486911723756 0.012183235867446402 0.012509572542467276
0 0.3981829573934838 0.1172614696463381 0.010587812122899833 0.011530562517404625
0 0.38694247192054215 0.11807731133389032 0.009862619511742336 0.0133798036758563
0 0.37707985240879976 0.11851242690058483 0.010732850645131332 0.015120265942634364
0 0.36627448250255273 0.11845803745474802 0.011748120300751903 0.013488582567529939
0 0.3342209690893902 0.11818609022556394 0.017839738234475103 0.013814919242550827
0 0.2781635802469136 0.11813170077972714 0.019725239023484633 0.014576371484266227
0 0.2968735496147777 0.11862120579225846 0.019725239023484633 0.015555381509328876
0 0.31594611528822053 0.1191107108047898 0.0219008168569572 0.014358813700918963
0 0.29310254803675856 0.15642187064884436 0.009282465422816301 0.008267195767195777
0 0.30521326464308923 0.15702015455304932 0.014938967789845003 0.007505743525480377
0 0.3141331337603268 0.1569113756613757 0.005221386800334167 0.010769110275689227
0 0.32501102292768963 0.15631309175717076 0.0095725424672793 0.009137426900584802
0 0.33443852687273745 0.15560602896129216 0.010152696556205335 0.007940859092174875
0 0.34640420495683655 0.15653064954051799 0.014648890745381967 0.007614522417154001
0 0.3587324793465145 0.15767282790309112 0.009717580989510761 0.007940859092174875
0 0.38512949039264827 0.15576919729880262 0.009717580989510836 0.008919869117237524
0 0.3979653996101365 0.15642187064884436 0.016534391534391533 0.008702311333890276
0 0.4139196370556019 0.1565850389863548 0.015084006312076466 0.010986668059036475
0 0.43038150932887775 0.15604114452798667 0.017839738234475103 0.009898879142300202
0 0.4480036897800056 0.17039995822890563 0.021175624245799666 0.015120265942634378
0 0.4265379884897429 0.17121579991645788 0.021755778334725664 0.016534391534391527
0 0.4058699990717534 0.1709982421331106 0.022771047990346235 0.01696950710108605
0 0.38454933630372234 0.17181408382066282 0.02074050867910517 0.016208054859370623
0 0.36511417432470067 0.17197725215817325 0.021320662768031164 0.018057296017822324
0 0.34372099229555375 0.1717053049289892 0.021465701290262703 0.017513401559454175
0 0.3229079643553328 0.17154213659147874 0.0219008168569572 0.0171870648844333
0 0.3014422630650701 0.1717053049289892 0.0216107398124942 0.017295843776106924
0 0.2811368699526595 0.17192286271233642 0.02335120207927227 0.018601190476190476
0 0.28164450478046976 0.18954504316346424 0.022626009468114737 0.01773095934280145
0 0.3036178408985427 0.1894362642717906 0.019290123456790098 0.017513401559454203
0 0.3239232340109533 0.1896538220551379 0.021320662768031202 0.017513401559454175
0 0.3443736656455955 0.18905553815093293 0.021610739812494163 0.016316833751044275
0 0.37816764132553615 0.1882396964633807 0.01116796621182583 0.014467592592592574
0 0.3908585120207928 0.18775019145084937 0.011893158822983328 0.012618351434140928
0 0.40224403601596587 0.18813091757170708 0.0126183514341409 0.015772939292676126
0 0.4128318481388657 0.18802213868003342 0.008557272811658766 0.01620805485937065
0 0.42211431356168194 0.18813091757170708 0.011748120300751829 0.014467592592592574
0 0.43219449085677164 0.18834847535505436 0.008122157244964193 0.0149027081592871
0 0.4426372644574399 0.1889467592592593 0.01131300473405733 0.016099275967697
0 0.2809193121693122 0.20607943469785578 0.0188550078900956 0.014032477025898075
0 0.2997743200594078 0.2056987085769981 0.0188550078900956 0.014793929267613476
0 0.3184842894272719 0.205426761347814 0.018274853801169604 0.014250034809245325
0 0.33741181657848324 0.20537237190197719 0.019580200501253097 0.013923698134224451
0 0.3683050218137937 0.2050460352269563 0.010297735078436834 0.014576371484266227
0 0.37990810359231414 0.20471969855193542 0.0126183514341409 0.013271024784182675
0 0.39056843497632976 0.20477408799777225 0.009282465422816338 0.012944688109161802
0 0.4003585352269563 0.20482847744360905 0.009717580989510761 0.013271024784182675
0 0.41870590828924165 0.2042301935394041 0.012183235867446402 0.010551552492341977
0 0.42762577740647917 0.20379507797270963 0.008267195767195767 0.01316224589250905
0 0.44365253411306044 0.20401263575605685 0.0124733129119094 0.0118568991924255
0 0.4540953077137288 0.20412141464773048 0.007832080200501268 0.012509572542467276
0 0.2915071242922121 0.24518544625452524 0.0095725424672793 0.008484753550543025
0 0.30383539868188997 0.24605567738791428 0.014793929267613467 0.005874060150375924
0 0.31340794114916926 0.24502227791701478 0.004931309755871168 0.0088110902255639
0 0.32428583031653213 0.2450766673628516 0.008992388378353264 0.007832080200501251
0 0.3340034113060429 0.2451310568086884 0.008992388378353302 0.009246205792258426
0 0.34611412791237356 0.24594689849624063 0.013198505523066898 0.006091617933723201
0 0.35931263343544045 0.24719785575048736 0.010877889167362832 0.008811090225563927
0 0.38425925925925924 0.24502227791701478 0.009427503945047837 0.00859353244221665
0 0.3970951684767474 0.24545739348370932 0.01624431448992846 0.011204225842383723
0 0.4141371948389493 0.24551178292954612 0.017259584145549033 0.010660331384015601
0 0.429728835978836 0.24518544625452524 0.015954237445465536 0.010225215817321075
0 0.4471334586466166 0.2612303327763854 0.020885547201336667 0.0157729392926761
0 0.4266830270119744 0.2607408277638541 0.020885547201336667 0.016099275967697
0 0.40565244128840616 0.2607952172096909 0.02349624060150373 0.0183836326928432
0 0.384041701475912 0.2611215538847118 0.020885547201336667 0.0179485171261487
0 0.3638088276246171 0.2615566694514063 0.02103058572356824 0.0164256126427179
0 0.3429232804232805 0.26057765942634364 0.021320662768031202 0.01664317042606515
0 0.32312552213868007 0.2607408277638541 0.022916086512577732 0.016969507101086023
0 0.3015147823261859 0.26008815441381233 0.02349624060150373 0.01740462266778055
0 0.28026663881927044 0.26041449108883324 0.020160354590179133 0.018274853801169545
0 0.30332776385407967 0.27847178710665554 0.02393135616819827 0.018492411584516852
0 0.32377819548872183 0.2790156815650237 0.022480970945883198 0.016534391534391554
0 0.34270572263993315 0.2795595760233918 0.019145084934558635 0.01588171818434975
0 0.3775874872366101 0.2784173976608187 0.010587812122899833 0.01446759259259263
0 0.38969820384294074 0.2782542293233083 0.0127633899563724 0.011095446950710157
0 0.4024615937993131 0.2783086187691451 0.013633621089761397 0.01490270815928713
0 0.41261429035551844 0.2779278926482873 0.008122157244964267 0.013706140350877203
0 0.42218683282279773 0.2784717871066556 0.010442773600668333 0.013923698134224451
0 0.4320494523345401 0.2784173976608187 0.00870231133389034 0.013597361459203521
0 0.4418395525851666 0.2784173976608187 0.010877889167362832 0.01446759259259263
0 0.4536601921470343 0.2786893448900028 0.012183235867446402 0.014793929267613503
0 0.4551105773693493 0.29419033695349484 0.006961849067112198 0.012727130325814524
0 0.4448853615520283 0.2944078947368421 0.010877889167362832 0.012727130325814524
0 0.4274082196231319 0.2937552213868003 0.008122157244964267 0.011856899192425528
0 0.41740056158915806 0.2945710630743526 0.0124733129119094 0.012183235867446345
0 0.4010837278381138 0.2939727791701476 0.010007658033973835 0.010551552492341921
0 0.3901333194096352 0.294734231411863 0.011313004734057405 0.013162245892509078
0 0.3786752761533464 0.2937008319409635 0.012183235867446402 0.011530562517404655
0 0.36852257959714096 0.2940271686159844 0.010732850645131332 0.013488582567529897
0 0.3358163928339367 0.2943535052910053 0.018419892323401063 0.012835909217488149
0 0.31667130789937814 0.29451667362851575 0.020450431634642132 0.013162245892509078
0 0.2986865311426715 0.2947886208576998 0.019290123456790098 0.013271024784182704
0 0.2807742736470807 0.2963115253411306 0.018564930845632602 0.013053467000835454
1 0.28178954330270123 0.2796683549150655 0.020885547201336667 0.01588171818434975
0 0.2917596311170608 0.33659837763753425 0.008765219608593104 0.009462452986549389
0 0.3037786064894499 0.3368473895582329 0.015272731136184941 0.007569962389239444
0 0.3129422451711608 0.3357517371071588 0.004382609804296552 0.009960476827946726
0 0.3236331569664903 0.3360007490278574 0.009296445039416906 0.00926324344999042
0 0.3337928433309959 0.33585134187543825 0.009163638681710965 0.010757314974182487
0 0.34561260916682607 0.3367975871740932 0.015272731136184905 0.0060758908650474916
0 0.357697987718068 0.33744501816790967 0.009429251397122885 0.009362848218269876
0 0.38339601793417055 0.335701934723019 0.009562057754828827 0.008267195767195748
0 0.3959462187373834 0.33565213233887925 0.016866407428656426 0.011952572193536013
0 0.41301183570259875 0.33545292280232036 0.015936762924714687 0.012749410339771774
0 0.42941342087928425 0.33485529419264354 0.016069569282420704 0.011354943583859222
1 0.2802718811754956 0.35313276917192576 0.021116210875247 0.018426882131701385
0 0.3021849301969784 0.35243553579396947 0.021647436306070838 0.017829253522024593
0 0.3217738679586069 0.3527841524829476 0.02178024266377678 0.01812806782686296
0 0.3430228851915599 0.35263474533052847 0.02045217908671718 0.018825301204819265
0 0.3634750642782771 0.35243553579396947 0.021514629948364897 0.018626091668260354
0 0.38425925925925924 0.351588895263594 0.019256921867363594 0.017729648753745136
0 0.40471143834597645 0.35208691910499135 0.020319372729011274 0.01912411550965769
0 0.4251636174326937 0.35099126665391717 0.022709887167718445 0.01872569643653981
0 0.4470102632753235 0.3527343500988079 0.02284269352542446 0.017829253522024593
0 0.2814779064779065 0.37096471471471465 0.021549327104882655 0.015491682158348848
0 0.30307688641021974 0.37085299585299575 0.019463908352797245 0.014970327470327466
0 0.3225904475904476 0.3697358072358072 0.020159047936825714 0.014523452023452038
0 0.343792204903316 0.369884765718099 0.02244307799863355 0.01571511988178659
0 0.37894640672418445 0.3695123695123695 0.010923622034733137 0.014970327470327524
0 0.3903665570332237 0.3693261714095047 0.011320844654177988 0.01578959912293243
0 0.4021342771342771 0.3693261714095047 0.011022927689594406 0.014448972782306085
0 0.41151866151866145 0.36902825444492104 0.008143063698619255 0.013704180370847018
0 0.4220450609339498 0.3688420563420563 0.011916678583345303 0.013480742647409276
0 0.4319259735926402 0.3692516921683588 0.00824236935348045 0.014746889746889725
0 0.4419558447336225 0.3686558582391915 0.012413206857651272 0.013853138853138809
0 0.45273050828606387 0.36906549406549405 0.013306957751402167 0.013927618094284762
0 0.2808820725487392 0.38589780256446915 0.016782655671544557 0.01199115782449114
1 0.2999487582820916 0.38589780256446915 0.018371546149323924 0.013331784165117485
0 0.318518915741138 0.3849668120501453 0.0197618253173809 0.011469803136469817
0 0.336244975133864 0.3848550931884265 0.019066685733352354 0.013927618094284762
0 0.36752625641514525 0.3850785309118642 0.010923622034733137 0.011097406930740282
0 0.37889675389675387 0.3840730611563944 0.011022927689594331 0.010427093760427112
0 0.38927419482975034 0.3845944158444158 0.0111222333444556 0.012959387959387952
0 0.3997509414176081 0.38392410267410265 0.009235425902092614 0.011022927689594331
0 0.40918497862942305 0.3847061347061347 0.008043758043758061 0.013033867200533848
0 0.4182714460492238 0.38373790457123785 0.008937508937508958 0.010650531483864797
0 0.42725860781416336 0.3834027479860813 0.005660422327088957 0.01146980313646976
0 0.43485549041104593 0.38373790457123785 0.007547229769451942 0.011246365413032073
0 0.44394195783084667 0.3833655083655083 0.010824316379871943 0.011395323895323864
0 0.45327668938780047 0.38317931026264357 0.008639591972925301 0.013108346441679799
0 0.2932293861497401 0.420968534906588 0.010827831624291783 0.010754670599803307
0 0.30493515006789335 0.42195620873718215 0.014046916701783957 0.006803975277426573
0 0.314446083251393 0.42206595027391486 0.006145526057030488 0.012071569040595571
0 0.3254933979491501 0.420968534906588 0.007169780399868909 0.008559839865149629
0 0.33515065318162657 0.4210234056749543 0.009803577281453361 0.008230615254951548
0 0.3473685442711991 0.42184646720044944 0.013754272603830095 0.00680397527742663
0 0.3587085030669101 0.4225049164208456 0.008633000889638066 0.008998806012080364
0 0.3855585990541743 0.4207490518331226 0.009657255232476486 0.0094377721590111
0 0.3975570070702814 0.4203100856861918 0.014924848995645466 0.00834035679168426
0 0.414091398604673 0.42036495645455824 0.01697335768132231 0.00976699676920918
0 0.43121107833497213 0.42069418106475626 0.01697335768132231 0.009547513695743812
0 0.2811578171091445 0.43814308540525354 0.02150934119960669 0.015912522826239648
0 0.30237451421079736 0.4380882146368872 0.020924053003699004 0.01799761202416073
0 0.3222011518471695 0.43797847310015453 0.019899798660860585 0.016022264362972306
0 0.344149459193707 0.4378687315634218 0.021948307346537462 0.018436578171091466
0 0.3654393173198483 0.43666157465936223 0.019460832513929847 0.017339162803764567
0 0.38526595495622035 0.43649696235426316 0.020485086856768267 0.01766838741396265
0 0.4065558130823617 0.43633235004916415 0.019460832513929924 0.01668071358336841
0 0.42674825584117615 0.4365518331226295 0.02150934119960669 0.016900196656833833
0 0.44840391908975974 0.4362774792807978 0.02150934119960669 0.017229421267031857
0 0.4535983518284403 0.4535069005478297 0.00994989933043031 0.01415665823851665
0 0.44269735917966 0.45405560823149316 0.011852085967130202 0.013937175165051226
0 0.43282062087371814 0.45427509130495847 0.010535187526338034 0.015034590532378121
0 0.4220659502739148 0.45361664208456237 0.010974153673268656 0.014376141311982019
0 0.41335978835978837 0.45383612515802774 0.00877932293861494 0.01415665823851665
0 0.40282460083345034 0.45443970361005753 0.011998408016107152 0.013827433628318571
0 0.39228941330711237 0.45460431591515654 0.014046916701783995 0.013937175165051283
0 0.3795593950461207 0.4548237989886219 0.014339560799737819 0.013937175165051283
1 0.45636128626996203 0.7115450822642603 0.009512937595129368 0.014722403421033496
1 0.4451873595709212 0.7108089620932088 0.011928921746273368 0.01551514822062758
1 0.4343909303954966 0.7119414546640574 0.009361938585682888 0.014609154163948692
1 0.42555748834287643 0.7111487098644632 0.008002947500664406 0.014835652678118413
1 0.4150630571863448 0.7119414546640574 0.01087192868014785 0.016194643763136857
1 0.40615411562900144 0.7126209502065667 0.012381918774612812 0.014382655649778857
0 0.344471020270107 0.45480901645285204 0.018874876180812294 0.014495904906863831
0 0.32280266241453454 0.45463914256722476 0.021441859341402737 0.014609154163948692
0 0.30483378029040126 0.4554318873668189 0.0220458553791887 0.01392965862143947
0 0.2837694184726148 0.45492226570993693 0.020082868256384258 0.01585489599188233
0 0.28248592689231955 0.47009766615931003 0.016911889058007775 0.010645430165978109
0 0.3006058080258993 0.46941817061680075 0.018119881133579777 0.012004421250996553
0 0.3189521876736488 0.4694181706168008 0.017062888067454294 0.013136913821845331
0 0.33714756831195186 0.46913504747408863 0.019931869246937774 0.012344169022251193
0 0.3687818607909932 0.4690217982170037 0.011022927689594406 0.011891171993911749
0 0.3810882800608828 0.46936154598825836 0.01268391679350585 0.00985268536638397
0 0.3915827112174144 0.46885192433137635 0.011324925708487369 0.011098427194317553
0 0.40049165277475784 0.4698711676451403 0.008002947500664406 0.014042907878524274
0 0.4198950254886327 0.4685121765601218 0.01026793264236185 0.01041893165180833
0 0.4287284675412529 0.46936154598825836 0.005284965330627368 0.013703160107269692
0 0.44533835858036763 0.46975791838805536 0.009512937595129368 0.01200442125099661
0 0.4548512961754971 0.46953141987388564 0.009512937595129368 0.009059940566789888
0 0.2935843540866372 0.507696419511488 0.007700949481771406 0.008380445024280666
0 0.30498477929984774 0.5080361672827426 0.015099900944649813 0.006794955425092388
0 0.3147997149138701 0.5069602993404363 0.004831968302287925 0.009173189823874748
0 0.32589814210818774 0.5070735485975212 0.009512937595129368 0.008720192795535249
0 0.33578857722693334 0.5071301732260637 0.00905994056678985 0.009965934623468887
0 0.34681150491652774 0.5079229180256577 0.014193906887970812 0.0063419583967528875
0 0.35964642071948005 0.5093385337392187 0.00966393660457585 0.008493694281365526
0 0.38539175183010793 0.5068470500833515 0.009512937595129368 0.009626186852214304
0 0.398151168128337 0.5069036747118939 0.015099900944649775 0.009059940566789831
0 0.41498755768162154 0.5066771761977242 0.016458892029668257 0.010418931651808388
0 0.4316729482254596 0.5066771761977241 0.016609891039114737 0.011777922736826775
0 0.2822594283781498 0.5245139341885917 0.019176874199705256 0.017780133362325135
0 0.30355028871010603 0.5231549431035732 0.021592858350849217 0.01732713633398558
0 0.323557657461767 0.523891063274625 0.0217438573602957 0.017440385591070497
0 0.3451505158126162 0.5241741864173372 0.0211398613225097 0.016647640791476414
0 0.365988379116233 0.5239476879031674 0.0199318692469377 0.015968145248967135
0 0.385693749849001 0.5230416938464884 0.02038486627527722 0.0175536348481553
0 0.40630511463844793 0.5237211893889976 0.021441859341402737 0.018686127419004137
0 0.4277469739798507 0.5234380662462854 0.021139861322509775 0.016534391534391495
0 0.4486603367881907 0.5233248169892006 0.021592858350849217 0.01744038559107061
0 0.4540208016235413 0.5396327100094224 0.009965934623468812 0.014495904906863775
0 0.44329987195283993 0.5390664637239979 0.010569930661254888 0.016760890048561333
0 0.4341644318813268 0.5399158331521345 0.008606943538450406 0.013703160107269692
0 0.4237455002295185 0.540878451837356 0.011928921746273368 0.014269406392694053
0 0.4143080621391123 0.5409350764658984 0.00845594452900385 0.014835652678118413
0 0.4032096349447947 0.5409350764658984 0.012532917784059369 0.012797166050590692
0 0.3917337102268609 0.5409350764658984 0.012532917784059369 0.013703160107269692
0 0.3795782899664178 0.5408218272088136 0.012985914812398813 0.01438265564977897
0 0.34371602522287453 0.5413880734942379 0.018874876180812218 0.015741646734797415
0 0.32469015003261575 0.5415013227513227 0.017666884105240293 0.015741646734797415
0 0.30385228672899905 0.5413314488656955 0.021290860331956218 0.015628397477712497
0 0.28459991302457055 0.5417278212654925 0.019025875190258737 0.015288649706457857
0 0.2830899229301056 0.5567899724577806 0.016609891039114776 0.013703160107269692
0 0.2997753134739436 0.556053852286729 0.017364886086347255 0.012683916793505888
0 0.31789519460752336 0.5564502246865262 0.017062888067454294 0.013476661593099971
0 0.3377515643497378 0.5569032217148656 0.018119881133579777 0.015288649706457857
0 0.3682533642579304 0.5553743567442198 0.00966393660457585 0.011777922736826887
0 0.37995578749003406 0.5558839784011016 0.011324925708487369 0.013023664564760527
0 0.3911297141890749 0.5561104769152715 0.01041893165180833 0.01166467347974197
0 0.400869150298374 0.5552611074871349 0.007247952453431925 0.012683916793505775
0 0.41981952598390954 0.5554876060013048 0.01011693363291537 0.010645430165978053
0 0.4306159551593341 0.5563369754294412 0.008153946510110888 0.012344169022251135
0 0.44450786402841197 0.5552044828585925 0.011777922736826887 0.011211676451402414
0 0.45545529221328307 0.5541852395448287 0.007398951462878407 0.010985177937232691
1 0.2822382182847299 0.6251483151400095 0.01911617360122341 0.015655487001002
1 0.30212343335266917 0.624859924589991 0.02043453040130779 0.015737884301007254
1 0.32195371688727165 0.6244479380899647 0.021203571868023723 0.015737884301007143
1 0.3418938634885479 0.6245715340399725 0.017578090667791653 0.015490692400991378
1 0.37732470249081534 0.6239123556399304 0.011096169734043447 0.015325897800980868
1 0.3888603244915537 0.6237887596899224 0.011096169734043447 0.014913911300954482
0 0.4021537555590712 0.6239535542899329 0.009558086800611725 0.014913911300954482
1 0.411656910826346 0.6237475610399198 0.009448223733938051 0.013842746400885945
0 0.4201712984935576 0.6239947529399357 0.010436991334001333 0.014831514000949115
1 0.4404959658281917 0.623376773189896 0.012414526534127822 0.01376034910088069
1 0.45186679322891943 0.623829958339925 0.010327128267327661 0.013677951800875436
0 0.2911411549977441 0.5910833487141627 0.00935667117837662 0.009228497600590668
0 0.30318947130962637 0.5922849760059061 0.014739961445387797 0.006440722283745541
0 0.3116489274435011 0.5902181770641073 0.005255116689225224 0.010766580534022428
0 0.3243381116443132 0.5910833487141627 0.007305893933800904 0.009613018333948524
0 0.33375886961158274 0.5904104374307863 0.008972150445018652 0.010382059800664459
0 0.345614925556786 0.5917081949058692 0.012945531356384134 0.0068252430171035095
0 0.35791958902424026 0.5925733665559247 0.00961301833394856 0.009901408883967028
0 0.38425925925925924 0.5907949581641442 0.009484844756162535 0.009613018333948637
0 0.3966280095156064 0.5907949581641442 0.016278044378819554 0.011343361634059211
0 0.4120729256388171 0.5898817214224191 0.01563717648988972 0.009132367417251092
0 0.42847914359542266 0.5904104374307861 0.016149870801033604 0.009036237233911629
0 0.4475129198966408 0.606896763873508 0.02037959886797099 0.017591823551125825
0 0.42649245313973994 0.6058393318567736 0.021661334645830733 0.017591823551125825
0 0.4056001599606251 0.6062719176818013 0.021917681801402786 0.016726651901070536
0 0.3841951724703662 0.6063199827734711 0.02012325171239901 0.017015042451088928
1 0.36349513965793034 0.6061757874984619 0.020251425290185036 0.016918912267749466
0 0.34324371436774537 0.6068486987818383 0.01973873097904108 0.016534391534391495
0 0.32113377219966366 0.6076658053402239 0.020635946023542892 0.017784083917804866
0 0.30036965259833476 0.6072332195151962 0.01858516877896725 0.016726651901070536
1 0.27902875189696896 0.6070890242401871 0.019738730979041042 0.019129906484557584
1 0.39425868622619525 0.7117536244341297 0.01038622428514127 0.01477350868145089
1 0.38106698756518254 0.7126489885966418 0.014087062823524855 0.01477350868145089
1 0.3472819131663897 0.713678657383531 0.016952228143563938 0.016832846255228996
0 0.32633039176360473 0.7135443527591542 0.01850419269191834 0.018534038164002172
0 0.3070502167975092 0.7142606440891639 0.018384810803583364 0.016564237006475326
1 0.28454673084636983 0.714126339464787 0.019459247798597975 0.017011919087731295
0 0.28448703990220237 0.695592301300785 0.01910110213359308 0.018086356082745978
0 0.30454319714247513 0.6959952151739154 0.020056157240272786 0.015668872843963053
0 0.32537533665692514 0.6959504469657899 0.020891830458617477 0.015400263595209381
0 0.3461477852272076 0.6952341556357801 0.021846885565297108 0.016116554925219247
0 0.3676962160716673 0.6955475330926594 0.0202949210169427 0.016564237006475212
0 0.38733453670276774 0.6947417053463983 0.019459247798597975 0.017280528336484965
0 0.40846513093805514 0.6942940232651423 0.021369358011957235 0.018713110996504467
0 0.42846159723416044 0.6942940232651423 0.020533684793612582 0.018175892498997127
0 0.45048755563195997 0.6943387914732679 0.020414302905277643 0.015937482092716723
0 0.4577101598762249 0.7266166695318318 0.008595495960116871 0.011729270528909586
0 0.44750300842358604 0.7268852787805855 0.009669932955131555 0.011908343361411883
0 0.4305507802800221 0.7276463383187208 0.007282295188432382 0.010923442782648573
0 0.42183590243157026 0.727064351613088 0.010147460508471314 0.010296687868890082
0 0.4037495463488243 0.7266166695318319 0.010266842396806329 0.011371124863904654
0 0.3930051763986782 0.7280044839837257 0.009311787290126659 0.013430462437682648
0 0.3821414245601971 0.7277806429430976 0.008117968406777112 0.012087416193914405
0 0.37163581838672094 0.7281387886081025 0.010983133726815968 0.014057217351441139
0 0.2850799270325414 0.7307925485008818 0.01631825569734066 0.014183914306463359
0 0.301614318566933 0.7296578353563647 0.016210187778815225 0.01410286336756928
0 0.3206612892070409 0.7289891651104887 0.017561036760383147 0.012522370059134768
0 0.33989737870456826 0.7296780980910882 0.015940017982501633 0.011955013486876224
0 0.2948851651524257 0.6802948350832537 0.008837982111924199 0.009279881217520393
0 0.3068164410035234 0.6807643528829498 0.014729970186540344 0.006020875313748346
0 0.31613314714651014 0.6793281807897621 0.004787240310625625 0.010439866369710426
0 0.32725427463734813 0.6801843603068547 0.008322433155395319 0.011599851521900462
0 0.33730747928966187 0.6794386555661611 0.007217685391404762 0.010550341146109568
0 0.3494597046935577 0.6802948350832537 0.015024569590271165 0.00629706225474592
0 0.3621643039794487 0.6806814968006505 0.009058931664722296 0.008727507335525133
0 0.387168428371101 0.6789967564605649 0.007070385689539389 0.008561795170926588
0 0.3999098525824584 0.6784996199667692 0.014877269888405717 0.008340845618128529
0 0.41544997112925836 0.6788034256018666 0.015908367801463624 0.009611305546717594
0 0.4330522855021742 0.6784167638844699 0.015319168994001984 0.009390355993919535
0 0.29670437915118764 0.7679521276595744 0.007176629517055041 0.008970786896318783
0 0.308102555442981 0.7684270516717325 0.014493977259934707 0.00612124282337048
0 0.3182342677023528 0.7670550489699425 0.006050883710458186 0.010764944275582562
0 0.33082854891365526 0.7670022796352584 0.009568839356073413 0.008548632218844906
0 0.3387791286727457 0.767635511651469 0.007739502420353468 0.00960401891252954
0 0.3505291005291005 0.7676882809861533 0.013790386130811655 0.0067544748395812395
0 0.3637566137566138 0.7689019756838906 0.009287402904424162 0.0087597095575819
0 0.39007092198581556 0.7668439716312057 0.00759878419452888 0.008654170888213516
0 0.4024541258583812 0.766685663627153 0.014916131937408584 0.01108156028368794
0 0.41821456715073735 0.7662635089496791 0.015479004840706936 0.011292637622424823
0 0.4355229089271642 0.766210739614995 0.014353259034110081 0.011187098953056439
0 0.4534644827198019 0.7827275413711583 0.01815265113137456 0.017413880445795303
0 0.4324974670719352 0.7823581560283688 0.02124845209951595 0.015619723066531636
0 0.41089721940785773 0.7830441573792637 0.02054486097039293 0.016780648429584544
0 0.38993020375999093 0.7832552347180006 0.019137678712146826 0.0161474164133739
0 0.3691742654508612 0.7843106214116852 0.01843408758302381 0.017413880445795303
0 0.3486294044804683 0.7838356973995271 0.023218507261060443 0.01920803782505908
0 0.3265366430260047 0.7838356973995271 0.01984126984126984 0.015619723066531636
0 0.30493639536192724 0.7846272374197906 0.02335922548688503 0.01699172576832154
1 0.2848136890690082 0.7842578520770009 0.017167623550602255 0.01815265113137456
0 0.28671338511764044 0.802041117865586 0.020685579196217482 0.015936339074637016
0 0.3073286052009456 0.8021994258696387 0.01857480580884836 0.016464032421479164
0 0.32752167060677695 0.8009857311719014 0.02237419790611284 0.01635849375211078
0 0.34778509512552064 0.8009857311719013 0.018996960486322163 0.01656957109084766
0 0.38310536980749743 0.801144039175954 0.011679612743442534 0.014986491050320766
0 0.3962625239220983 0.8008801925025328 0.011820330969267122 0.016147416413373784
0 0.4075903411009794 0.800246960486322 0.01083530338849493 0.013614488348530976
0 0.41680738489249125 0.7996664978047956 0.010413148711021017 0.01688618709895304
0 0.42799448384554767 0.7993498817966903 0.011679612743442534 0.01667510976021616
0 0.4378447596532703 0.7996137284701115 0.0063323201621074375 0.015936339074636905
1 0.4477653945739052 0.8000886524822693 0.012946076775864051 0.014775413711583883
0 0.4597968028819092 0.8149168355285377 0.008583811775301146 0.012981256332320217
0 0.45008724530001126 0.8156556062141168 0.010835303388494855 0.0102372509287403
0 0.43397500844309345 0.8152862208713272 0.0064730383879320254 0.01139817629179332
0 0.42461724642575704 0.8153389902060114 0.011116739840144106 0.010870482944951059
0 0.4054795677136102 0.8150751435325904 0.009990994033547253 0.010131712259371803
0 0.39492570077676464 0.8153389902060114 0.009709557581898001 0.011292637622424823
0 0.3847939885173927 0.8157611448834853 0.009990994033547253 0.010870482944950946
0 0.37395868512889785 0.8160777608915906 0.01083530338849493 0.01108156028368794
0 0.3422267252054486 0.8165526849037487 0.01857480580884836 0.012664640324214839
0 0.32308904649330183 0.8168693009118541 0.019419115163796002 0.01203140830800408
0 0.3031070584262074 0.8172914555893278 0.01857480580884836 0.013086795001688602
0 0.28403973882697287 0.8184523809523809 0.01702690532477767 0.013931104356636243
0 0.2924520502645503 0.8608863467261905 0.009300595238095238 0.009429770171957709
0 0.3049389605379189 0.8616613963293651 0.015328758818342138 0.008396370701058163
0 0.31346450617283955 0.8591424851190477 0.006544863315696636 0.012142443783068821
0 0.3254347167107584 0.8605634093915344 0.008783895502645503 0.011625744047619048
0 0.33499366181657847 0.8600467096560847 0.008956128747795389 0.009300595238095238
0 0.3463610559964727 0.8610155216600529 0.013089726631393272 0.00684627149470907
0 0.3587618496472664 0.86191974619709 0.009645061728395087 0.011496569113756577
0 0.3843384865520283 0.859207072585979 0.007750496031746032 0.008654720568783107
0 0.39751432980599655 0.8601112971230159 0.01584545855379191 0.01201326884920635
0 0.41456542107583777 0.8594008349867726 0.01584545855379191 0.013434193121693085
0 0.43161651234567905 0.8597883597883599 0.01584545855379191 0.012659143518518481
0 0.4490120701058201 0.8770978009259259 0.019290123456790098 0.015759341931217006
0 0.4290330136684304 0.876516513723545 0.02135692239858904 0.018730365410052834
1 0.40672880842151676 0.8762581638558202 0.01911789021164021 0.018988715277777776
0 0.3863191688712522 0.8781312003968254 0.019290123456790174 0.018342840608465645
0 0.3656511794532628 0.8772915633267196 0.02273478835978836 0.018730365410052834
0 0.34351920745149916 0.8772269758597885 0.022562555114638474 0.0173094411375661
0 0.32319568452380953 0.8776145006613757 0.021184689153439153 0.01679274140211644
0 0.30244157848324515 0.8771623883928571 0.02239032186948851 0.017955315806878345
0 0.283151455026455 0.8781957878637567 0.021701388888888888 0.018472015542328003
0 0.28272087191358025 0.8968615658068784 0.01911789021164021 0.015759341931217006
0 0.30321662808641975 0.8962156911375662 0.019806823192239833 0.01472594246031746
0 0.32457355048500885 0.8960865162037037 0.020495756172839493 0.016276041666666668
0 0.3459304728835979 0.8951177041997355 0.0187734237213404 0.01614686673280431
0 0.38037712191358025 0.8954406415343916 0.011884093915343915 0.013950892857142858
0 0.39243344907407407 0.8951177041997355 0.009472828483245125 0.013563368055555556
0 0.4050064759700177 0.8950531167328043 0.013261959876543234 0.015242642195767233
0 0.41439318783068785 0.8935030175264551 0.007578262786596145 0.013175843253968254
0 0.42438271604938277 0.8941488921957672 0.01240079365079365 0.013434193121693198
0 0.4347167107583775 0.8933738425925927 0.007233796296296296 0.01524264219576712
0 0.4447923555996473 0.8938259548611112 0.011539627425044066 0.012788318452380952
0 0.45495411706349204 0.8938905423280424 0.008439429012345654 0.013950892857142858
0 0.2810846560846561 0.9109416335978837 0.014467592592592593 0.011109044312169275
0 0.29994419642857145 0.9091331845238095 0.01774002425044093 0.014209242724867687
0 0.3173397541887125 0.909262359457672 0.01911789021164021 0.010850694444444444
0 0.3365437610229277 0.909262359457672 0.01756779100529104 0.012142443783068708
0 0.3697847773368607 0.9088748346560847 0.009989528218694935 0.009817294973544898
0 0.38046323853615527 0.9084873098544974 0.01033399470899471 0.011367394179894104
0 0.39157228284832457 0.9085518973214286 0.009472828483245125 0.009429770171957709
0 0.40130346119929455 0.9083581349206349 0.008611662257495541 0.010850694444444444
0 0.41999076829806004 0.9073893229166666 0.008783895502645503 0.011238219246031746
0 0.4291191302910053 0.907776847718254 0.006717096560846561 0.00994646990740737
0 0.44608410493827166 0.9078414351851852 0.008956128747795389 0.008783895502645465
0 0.45529858355379194 0.9075830853174603 0.008783895502645503 0.009817294973545011
